#species: Scientific name.
#rate: Sequence from 0 to 1 with 0.05 step.
#intervalle: Interval of relative abundance of the focal intron compared to other transcripts with alternative splice boundaries (i.e. RAS = Ns/(Ns+Na)).
#Freq: Fraction of introns that are in the RAS interval (%).
#intervalle.1: Interval of relative abundance of the focal intron compared to unspliced transcripts (i.e. RANS = Ns/(Ns+Nu/2)).
#Freq.1: Fraction of introns that are in the RANS interval (%).
species	rate	intervalle	Freq	intervalle.1	Freq.1
Callorhinchus_milii	0.025	[0,0.05]	30.7125690278313	[0,0.05]	8.69254148847468
Callorhinchus_milii	0.075	(0.05,0.1]	3.12024143687967	(0.05,0.1]	5.146991581269
Callorhinchus_milii	0.125	(0.1,0.15]	1.23195185939421	(0.1,0.15]	1.73969176147825
Callorhinchus_milii	0.175	(0.15,0.2]	0.902177701946539	(0.15,0.2]	1.63694558756287
Callorhinchus_milii	0.225	(0.2,0.25]	0.608637422716348	(0.2,0.25]	0.959143602571344
Callorhinchus_milii	0.275	(0.25,0.3]	0.520575338947291	(0.25,0.3]	0.899970413405417
Callorhinchus_milii	0.325	(0.3,0.35]	0.436641165354909	(0.3,0.35]	0.700395384491245
Callorhinchus_milii	0.375	(0.35,0.4]	0.390775496725191	(0.35,0.4]	0.779472282740257
Callorhinchus_milii	0.425	(0.4,0.45]	0.338488634487314	(0.4,0.45]	0.592269829742597
Callorhinchus_milii	0.475	(0.45,0.5]	0.377015796136276	(0.45,0.5]	0.766023830657091
Callorhinchus_milii	0.525	(0.5,0.55]	0.313262516740969	(0.5,0.55]	0.633691062158745
Callorhinchus_milii	0.575	(0.55,0.6]	0.36830131909663	(0.55,0.6]	0.794534549073402
Callorhinchus_milii	0.625	(0.6,0.65]	0.375639826077385	(0.6,0.65]	0.803679496489954
Callorhinchus_milii	0.675	(0.65,0.7]	0.443062358963069	(0.65,0.7]	1.00056483498749
Callorhinchus_milii	0.725	(0.7,0.75]	0.52240996569248	(0.7,0.75]	1.2372575916512
Callorhinchus_milii	0.775	(0.75,0.8]	0.612306676206726	(0.75,0.8]	1.71279485731192
Callorhinchus_milii	0.825	(0.8,0.85]	0.791182783862623	(0.8,0.85]	2.22975335538879
Callorhinchus_milii	0.875	(0.85,0.9]	1.30671289926065	(0.85,0.9]	3.95599666478388
Callorhinchus_milii	0.925	(0.9,0.95]	2.6923147485644	(0.9,0.95]	8.34449554856236
Callorhinchus_milii	0.975	(0.95,1]	53.935733025116	(0.95,1]	57.3737862771995
Gallus_gallus	0.025	[0,0.05]	66.1217302853884	[0,0.05]	45.1203658682964
Gallus_gallus	0.075	(0.05,0.1]	1.86117029679318	(0.05,0.1]	8.55408377293543
Gallus_gallus	0.125	(0.1,0.15]	0.757491109304503	(0.1,0.15]	3.08314837155651
Gallus_gallus	0.175	(0.15,0.2]	0.544422653838893	(0.15,0.2]	2.30335901436904
Gallus_gallus	0.225	(0.2,0.25]	0.372002882010935	(0.2,0.25]	1.43547970370853
Gallus_gallus	0.275	(0.25,0.3]	0.300145256433473	(0.25,0.3]	1.2279698825942
Gallus_gallus	0.325	(0.3,0.35]	0.274523100396469	(0.3,0.35]	0.952714208116075
Gallus_gallus	0.375	(0.35,0.4]	0.23830531592311	(0.35,0.4]	0.905109013860436
Gallus_gallus	0.425	(0.4,0.45]	0.213839046624618	(0.4,0.45]	0.700447366761402
Gallus_gallus	0.475	(0.45,0.5]	0.205555191665286	(0.45,0.5]	0.785282264216966
Gallus_gallus	0.525	(0.5,0.55]	0.190721311854389	(0.5,0.55]	0.640432271439121
Gallus_gallus	0.575	(0.55,0.6]	0.223664083901965	(0.55,0.6]	0.732184162931829
Gallus_gallus	0.625	(0.6,0.65]	0.20093164471124	(0.6,0.65]	0.745204387001748
Gallus_gallus	0.675	(0.65,0.7]	0.235415599076832	(0.65,0.7]	0.778161829178729
Gallus_gallus	0.725	(0.7,0.75]	0.274908395975973	(0.7,0.75]	0.867472428658327
Gallus_gallus	0.775	(0.75,0.8]	0.317868853090648	(0.75,0.8]	1.08332333081745
Gallus_gallus	0.825	(0.8,0.85]	0.414385395756355	(0.8,0.85]	1.37973686940919
Gallus_gallus	0.875	(0.85,0.9]	0.640939196504599	(0.85,0.9]	2.07794638515857
Gallus_gallus	0.925	(0.9,0.95]	1.30287700209215	(0.9,0.95]	4.05824108979275
Gallus_gallus	0.975	(0.95,1]	25.3091033786569	(0.95,1]	22.5693377791973
Crocodylus_porosus	0.025	[0,0.05]	55.7535790031813	[0,0.05]	16.7953842380852
Crocodylus_porosus	0.075	(0.05,0.1]	3.30129904559915	(0.05,0.1]	8.53795483196441
Crocodylus_porosus	0.125	(0.1,0.15]	1.22481442205726	(0.1,0.15]	3.52506873303187
Crocodylus_porosus	0.175	(0.15,0.2]	0.779095970307529	(0.15,0.2]	3.17226068212425
Crocodylus_porosus	0.225	(0.2,0.25]	0.495095440084836	(0.2,0.25]	1.82857831263096
Crocodylus_porosus	0.275	(0.25,0.3]	0.369167550371156	(0.25,0.3]	1.64184819788229
Crocodylus_porosus	0.325	(0.3,0.35]	0.306534994697773	(0.3,0.35]	1.26623669978186
Crocodylus_porosus	0.375	(0.35,0.4]	0.296924708377519	(0.35,0.4]	1.31700663881491
Crocodylus_porosus	0.425	(0.4,0.45]	0.243571049840933	(0.4,0.45]	0.996897870674337
Crocodylus_porosus	0.475	(0.45,0.5]	0.281349416755037	(0.45,0.5]	1.16942961264258
Crocodylus_porosus	0.525	(0.5,0.55]	0.251855779427359	(0.5,0.55]	0.883741142151527
Crocodylus_porosus	0.575	(0.55,0.6]	0.284000530222694	(0.55,0.6]	1.04594679482491
Crocodylus_porosus	0.625	(0.6,0.65]	0.304546659597031	(0.6,0.65]	0.977966706967099
Crocodylus_porosus	0.675	(0.65,0.7]	0.351935312831389	(0.65,0.7]	1.10015876362291
Crocodylus_porosus	0.725	(0.7,0.75]	0.446712619300106	(0.7,0.75]	1.11306637524148
Crocodylus_porosus	0.775	(0.75,0.8]	0.596169141039236	(0.75,0.8]	1.38111444318715
Crocodylus_porosus	0.825	(0.8,0.85]	0.825821845174973	(0.8,0.85]	1.52352842471205
Crocodylus_porosus	0.875	(0.85,0.9]	1.3934915164369	(0.85,0.9]	2.37586104525839
Crocodylus_porosus	0.925	(0.9,0.95]	2.85856309650053	(0.9,0.95]	4.2418714315832
Crocodylus_porosus	0.975	(0.95,1]	29.6354718981972	(0.95,1]	45.1060790548186
Monodelphis_domestica	0.025	[0,0.05]	69.0546143231882	[0,0.05]	40.6932331388332
Monodelphis_domestica	0.075	(0.05,0.1]	1.88184004279319	(0.05,0.1]	9.40638668844499
Monodelphis_domestica	0.125	(0.1,0.15]	0.74807759959777	(0.1,0.15]	3.46456608944634
Monodelphis_domestica	0.175	(0.15,0.2]	0.51949387096826	(0.15,0.2]	2.71843935454172
Monodelphis_domestica	0.225	(0.2,0.25]	0.364962917390194	(0.2,0.25]	1.72686216206129
Monodelphis_domestica	0.275	(0.25,0.3]	0.292355858120666	(0.25,0.3]	1.46381605256657
Monodelphis_domestica	0.325	(0.3,0.35]	0.252036451313915	(0.3,0.35]	1.1310982708273
Monodelphis_domestica	0.375	(0.35,0.4]	0.230350714585184	(0.35,0.4]	1.10123898272249
Monodelphis_domestica	0.425	(0.4,0.45]	0.209950058551489	(0.4,0.45]	0.845124493680673
Monodelphis_domestica	0.475	(0.45,0.5]	0.210592598899007	(0.45,0.5]	0.959585098082429
Monodelphis_domestica	0.525	(0.5,0.55]	0.198063062122407	(0.5,0.55]	0.748615008913353
Monodelphis_domestica	0.575	(0.55,0.6]	0.211074504159646	(0.55,0.6]	0.817398011869067
Monodelphis_domestica	0.625	(0.6,0.65]	0.213484030462838	(0.6,0.65]	0.774386418289525
Monodelphis_domestica	0.675	(0.65,0.7]	0.226816742673835	(0.65,0.7]	0.853477984995708
Monodelphis_domestica	0.725	(0.7,0.75]	0.268260595088743	(0.7,0.75]	0.88351500695828
Monodelphis_domestica	0.775	(0.75,0.8]	0.324964780757202	(0.75,0.8]	1.07351250091089
Monodelphis_domestica	0.825	(0.8,0.85]	0.450902688870719	(0.8,0.85]	1.23400617447422
Monodelphis_domestica	0.875	(0.85,0.9]	0.700850884055201	(0.85,0.9]	1.8052427933364
Monodelphis_domestica	0.925	(0.9,0.95]	1.43720212231077	(0.9,0.95]	3.18196925559728
Monodelphis_domestica	0.975	(0.95,1]	22.2041061540908	(0.95,1]	25.1175265134482
Loxodonta_africana	0.025	[0,0.05]	65.7974023507474	[0,0.05]	47.388565235063
Loxodonta_africana	0.075	(0.05,0.1]	2.83268082755287	(0.05,0.1]	8.54622510499932
Loxodonta_africana	0.125	(0.1,0.15]	1.09854060283764	(0.1,0.15]	3.96880503996748
Loxodonta_africana	0.175	(0.15,0.2]	0.697540909306732	(0.15,0.2]	2.81973987264598
Loxodonta_africana	0.225	(0.2,0.25]	0.431430778992623	(0.2,0.25]	1.94312254437068
Loxodonta_africana	0.275	(0.25,0.3]	0.314886196373305	(0.25,0.3]	1.52058494783905
Loxodonta_africana	0.325	(0.3,0.35]	0.258340491472821	(0.3,0.35]	1.2301432732692
Loxodonta_africana	0.375	(0.35,0.4]	0.233304988539783	(0.35,0.4]	1.14271440184257
Loxodonta_africana	0.425	(0.4,0.45]	0.199852376862016	(0.4,0.45]	0.931868987942013
Loxodonta_africana	0.475	(0.45,0.5]	0.216902417652619	(0.45,0.5]	0.973148963555074
Loxodonta_africana	0.525	(0.5,0.55]	0.194456794333343	(0.5,0.55]	0.837454274488552
Loxodonta_africana	0.575	(0.55,0.6]	0.229204345817992	(0.55,0.6]	0.897363162173147
Loxodonta_africana	0.625	(0.6,0.65]	0.237405631261574	(0.6,0.65]	0.855871494377456
Loxodonta_africana	0.675	(0.65,0.7]	0.307332380833164	(0.65,0.7]	0.941395136160412
Loxodonta_africana	0.725	(0.7,0.75]	0.368842021660026	(0.7,0.75]	1.07391444248747
Loxodonta_africana	0.775	(0.75,0.8]	0.477832788739203	(0.75,0.8]	1.25851002574177
Loxodonta_africana	0.825	(0.8,0.85]	0.670994643265665	(0.8,0.85]	1.7219042135212
Loxodonta_africana	0.875	(0.85,0.9]	1.11818052324201	(0.85,0.9]	2.83731032380436
Loxodonta_africana	0.925	(0.9,0.95]	2.37686201553064	(0.9,0.95]	6.00994106489636
Loxodonta_africana	0.975	(0.95,1]	21.9380069149786	(0.95,1]	13.1014174908549
Canis_lupus	0.025	[0,0.05]	24.2648217033599	[0,0.05]	7.32250262205955
Canis_lupus	0.075	(0.05,0.1]	3.9542717281991	(0.05,0.1]	3.73723752648815
Canis_lupus	0.125	(0.1,0.15]	1.40189746882989	(0.1,0.15]	1.32137531482552
Canis_lupus	0.175	(0.15,0.2]	1.03779186002835	(0.15,0.2]	1.14585785940053
Canis_lupus	0.225	(0.2,0.25]	0.619161284850541	(0.2,0.25]	0.772704895224641
Canis_lupus	0.275	(0.25,0.3]	0.510111352098	(0.25,0.3]	0.641423546451479
Canis_lupus	0.325	(0.3,0.35]	0.427112236614121	(0.3,0.35]	0.546529962827401
Canis_lupus	0.375	(0.35,0.4]	0.436199731010166	(0.35,0.4]	0.607176238075872
Canis_lupus	0.425	(0.4,0.45]	0.353806448486023	(0.4,0.45]	0.491591572308197
Canis_lupus	0.475	(0.45,0.5]	0.421659739976494	(0.45,0.5]	0.600754867755446
Canis_lupus	0.525	(0.5,0.55]	0.334419793774461	(0.5,0.55]	0.468760033391126
Canis_lupus	0.575	(0.55,0.6]	0.401667252305194	(0.55,0.6]	0.716339533523121
Canis_lupus	0.625	(0.6,0.65]	0.386521428311786	(0.6,0.65]	0.654979772683491
Canis_lupus	0.675	(0.65,0.7]	0.478002205231973	(0.65,0.7]	0.856182709390184
Canis_lupus	0.725	(0.7,0.75]	0.582811307266361	(0.7,0.75]	0.996025885257247
Canis_lupus	0.775	(0.75,0.8]	0.691861240018902	(0.75,0.8]	1.45693757714563
Canis_lupus	0.825	(0.8,0.85]	0.97539106517551	(0.8,0.85]	1.83151751250383
Canis_lupus	0.875	(0.85,0.9]	1.60666900922078	(0.85,0.9]	3.49108499753847
Canis_lupus	0.925	(0.9,0.95]	3.50959033575263	(0.9,0.95]	7.2889687992751
Canis_lupus	0.975	(0.95,1]	57.6062328094898	(0.95,1]	65.052048773875
Equus_caballus	0.025	[0,0.05]	43.3273119643682	[0,0.05]	19.9599601907463
Equus_caballus	0.075	(0.05,0.1]	3.1856948820662	(0.05,0.1]	7.71515633585792
Equus_caballus	0.125	(0.1,0.15]	1.28137949103345	(0.1,0.15]	3.36534212518396
Equus_caballus	0.175	(0.15,0.2]	0.861492426175029	(0.15,0.2]	2.67021722172909
Equus_caballus	0.225	(0.2,0.25]	0.528478547149387	(0.2,0.25]	1.56893033764856
Equus_caballus	0.275	(0.25,0.3]	0.424713352960238	(0.25,0.3]	1.32992111158503
Equus_caballus	0.325	(0.3,0.35]	0.360247933314488	(0.3,0.35]	1.07669429490357
Equus_caballus	0.375	(0.35,0.4]	0.346803273602272	(0.35,0.4]	1.04326374399115
Equus_caballus	0.425	(0.4,0.45]	0.273719482346128	(0.4,0.45]	0.811939702045412
Equus_caballus	0.475	(0.45,0.5]	0.310950847703032	(0.45,0.5]	0.957573941077693
Equus_caballus	0.525	(0.5,0.55]	0.280269444770027	(0.5,0.55]	0.792726741750916
Equus_caballus	0.575	(0.55,0.6]	0.302677210957053	(0.55,0.6]	0.904930429870774
Equus_caballus	0.625	(0.6,0.65]	0.323361302822	(0.6,0.65]	0.936055425547858
Equus_caballus	0.675	(0.65,0.7]	0.369211039789298	(0.65,0.7]	1.11934706675735
Equus_caballus	0.725	(0.7,0.75]	0.455739490757658	(0.7,0.75]	1.31339796573176
Equus_caballus	0.775	(0.75,0.8]	0.564330973048628	(0.75,0.8]	1.75913864456408
Equus_caballus	0.825	(0.8,0.85]	0.800819090037852	(0.8,0.85]	2.47001817546044
Equus_caballus	0.875	(0.85,0.9]	1.33171078123815	(0.85,0.9]	4.19649478752387
Equus_caballus	0.925	(0.9,0.95]	2.81372596336158	(0.9,0.95]	8.16243405151379
Equus_caballus	0.975	(0.95,1]	41.8573625024993	(0.95,1]	37.8464577065105
Bos_taurus	0.025	[0,0.05]	34.4716112702881	[0,0.05]	13.4886240520043
Bos_taurus	0.075	(0.05,0.1]	2.85516192894673	(0.05,0.1]	5.71482406142541
Bos_taurus	0.125	(0.1,0.15]	1.20621820520745	(0.1,0.15]	2.19793678458712
Bos_taurus	0.175	(0.15,0.2]	0.801917920359526	(0.15,0.2]	1.80460690564793
Bos_taurus	0.225	(0.2,0.25]	0.585984813679383	(0.2,0.25]	1.17998963681756
Bos_taurus	0.275	(0.25,0.3]	0.468620784710098	(0.25,0.3]	0.996749729144095
Bos_taurus	0.325	(0.3,0.35]	0.385087668005981	(0.3,0.35]	0.814451928965095
Bos_taurus	0.375	(0.35,0.4]	0.360027732994746	(0.35,0.4]	0.886052098544444
Bos_taurus	0.425	(0.4,0.45]	0.312831522056919	(0.4,0.45]	0.635922558763955
Bos_taurus	0.475	(0.45,0.5]	0.35626874274306	(0.45,0.5]	0.815865090206793
Bos_taurus	0.525	(0.5,0.55]	0.287771587045684	(0.5,0.55]	0.641104149983513
Bos_taurus	0.575	(0.55,0.6]	0.326196820729578	(0.55,0.6]	0.826699326393141
Bos_taurus	0.625	(0.6,0.65]	0.339144453818716	(0.6,0.65]	0.770172876725234
Bos_taurus	0.675	(0.65,0.7]	0.401794291346804	(0.65,0.7]	0.952941730651467
Bos_taurus	0.725	(0.7,0.75]	0.46277346654081	(0.7,0.75]	1.18470017428989
Bos_taurus	0.775	(0.75,0.8]	0.585984813679383	(0.75,0.8]	1.5233878185501
Bos_taurus	0.825	(0.8,0.85]	0.750127388002974	(0.8,0.85]	2.00574685571624
Bos_taurus	0.875	(0.85,0.9]	1.19452356886888	(0.85,0.9]	3.46318714965378
Bos_taurus	0.925	(0.9,0.95]	2.57908497823962	(0.9,0.95]	7.25234349239248
Bos_taurus	0.975	(0.95,1]	51.2688680427355	(0.95,1]	52.8446935795374
Sus_scrofa	0.025	[0,0.05]	42.5490387078386	[0,0.05]	16.9564546466867
Sus_scrofa	0.075	(0.05,0.1]	2.91833075377283	(0.05,0.1]	6.83021024051916
Sus_scrofa	0.125	(0.1,0.15]	1.17577449951115	(0.1,0.15]	2.97656533471242
Sus_scrofa	0.175	(0.15,0.2]	0.829067137120778	(0.15,0.2]	2.34972244581333
Sus_scrofa	0.225	(0.2,0.25]	0.538280317051436	(0.2,0.25]	1.41383725440312
Sus_scrofa	0.275	(0.25,0.3]	0.425717677024594	(0.25,0.3]	1.25660520575711
Sus_scrofa	0.325	(0.3,0.35]	0.349593583929518	(0.3,0.35]	0.999695545369996
Sus_scrofa	0.375	(0.35,0.4]	0.3391310308501	(0.35,0.4]	0.991771383767146
Sus_scrofa	0.425	(0.4,0.45]	0.303053261610728	(0.4,0.45]	0.741534701571903
Sus_scrofa	0.475	(0.45,0.5]	0.324699923154352	(0.45,0.5]	0.876245448820342
Sus_scrofa	0.525	(0.5,0.55]	0.270222491602899	(0.5,0.55]	0.694406793091799
Sus_scrofa	0.575	(0.55,0.6]	0.31387659238254	(0.55,0.6]	0.82744929579227
Sus_scrofa	0.625	(0.6,0.65]	0.289343709299767	(0.6,0.65]	0.822027501011373
Sus_scrofa	0.675	(0.65,0.7]	0.382063576244954	(0.65,0.7]	0.983430161027305
Sus_scrofa	0.725	(0.7,0.75]	0.437262563181193	(0.7,0.75]	1.17152473381073
Sus_scrofa	0.775	(0.75,0.8]	0.534672540127499	(0.75,0.8]	1.48473764769178
Sus_scrofa	0.825	(0.8,0.85]	0.739594269407134	(0.8,0.85]	1.94183665383509
Sus_scrofa	0.875	(0.85,0.9]	1.21654237875164	(0.85,0.9]	3.26517164151093
Sus_scrofa	0.925	(0.9,0.95]	2.64594359601557	(0.9,0.95]	6.56329111284423
Sus_scrofa	0.975	(0.95,1]	43.4177913911227	(0.95,1]	46.8534822519633
Macaca_mulatta	0.025	[0,0.05]	68.3289661196157	[0,0.05]	41.4222977995527
Macaca_mulatta	0.075	(0.05,0.1]	2.34680273985197	(0.05,0.1]	9.8855593659745
Macaca_mulatta	0.125	(0.1,0.15]	0.91221134249682	(0.1,0.15]	3.66440547163539
Macaca_mulatta	0.175	(0.15,0.2]	0.614781102989626	(0.15,0.2]	2.76321262304748
Macaca_mulatta	0.225	(0.2,0.25]	0.413582800839731	(0.2,0.25]	1.76246260342002
Macaca_mulatta	0.275	(0.25,0.3]	0.327924117746211	(0.25,0.3]	1.51123108455511
Macaca_mulatta	0.325	(0.3,0.35]	0.266016947853936	(0.3,0.35]	1.19902915054013
Macaca_mulatta	0.375	(0.35,0.4]	0.271686663908426	(0.35,0.4]	1.15860493008447
Macaca_mulatta	0.425	(0.4,0.45]	0.234297185062597	(0.4,0.45]	0.874299049028566
Macaca_mulatta	0.475	(0.45,0.5]	0.230159824698509	(0.45,0.5]	0.986885514264572
Macaca_mulatta	0.525	(0.5,0.55]	0.221425397263213	(0.5,0.55]	0.821847787776183
Macaca_mulatta	0.575	(0.55,0.6]	0.228627469008106	(0.55,0.6]	0.883152287392822
Macaca_mulatta	0.625	(0.6,0.65]	0.246096323878699	(0.6,0.65]	0.868786655330067
Macaca_mulatta	0.675	(0.65,0.7]	0.275211081996353	(0.65,0.7]	0.926583268047661
Macaca_mulatta	0.725	(0.7,0.75]	0.324706170796365	(0.7,0.75]	1.03382438181846
Macaca_mulatta	0.775	(0.75,0.8]	0.415421627668214	(0.75,0.8]	1.21656858503535
Macaca_mulatta	0.825	(0.8,0.85]	0.564979543051533	(0.8,0.85]	1.48066235586343
Macaca_mulatta	0.875	(0.85,0.9]	0.878346281738917	(0.85,0.9]	2.18240677790566
Macaca_mulatta	0.925	(0.9,0.95]	1.81001854150385	(0.9,0.95]	3.90377699193687
Macaca_mulatta	0.975	(0.95,1]	21.0887387180312	(0.95,1]	21.4544033167906
Homo_sapiens	0.025	[0,0.05]	72.5155056259128	[0,0.05]	50.0787747868942
Homo_sapiens	0.075	(0.05,0.1]	2.78899485205653	(0.05,0.1]	9.38842825544245
Homo_sapiens	0.125	(0.1,0.15]	1.04913625024907	(0.1,0.15]	3.71056409991075
Homo_sapiens	0.175	(0.15,0.2]	0.706486509664059	(0.15,0.2]	2.69127785898149
Homo_sapiens	0.225	(0.2,0.25]	0.468636892165592	(0.2,0.25]	1.77443764632837
Homo_sapiens	0.275	(0.25,0.3]	0.3650979017275	(0.25,0.3]	1.40371754905638
Homo_sapiens	0.325	(0.3,0.35]	0.303680741747779	(0.3,0.35]	1.14333389385453
Homo_sapiens	0.375	(0.35,0.4]	0.285268205080347	(0.35,0.4]	1.05873830989924
Homo_sapiens	0.425	(0.4,0.45]	0.243398601151666	(0.4,0.45]	0.841687255041457
Homo_sapiens	0.475	(0.45,0.5]	0.248317018480638	(0.45,0.5]	0.867816166293704
Homo_sapiens	0.525	(0.5,0.55]	0.230030595078051	(0.5,0.55]	0.713241666558874
Homo_sapiens	0.575	(0.55,0.6]	0.248317018480638	(0.55,0.6]	0.777529136323067
Homo_sapiens	0.625	(0.6,0.65]	0.25954109905188	(0.6,0.65]	0.753081788666261
Homo_sapiens	0.675	(0.65,0.7]	0.286781564258492	(0.65,0.7]	0.796673091101942
Homo_sapiens	0.725	(0.7,0.75]	0.338109663050579	(0.7,0.75]	0.843886222820111
Homo_sapiens	0.775	(0.75,0.8]	0.421470531113404	(0.75,0.8]	0.960690217180406
Homo_sapiens	0.825	(0.8,0.85]	0.567383578539558	(0.8,0.85]	1.17670646367176
Homo_sapiens	0.875	(0.85,0.9]	0.841175476518971	(0.85,0.9]	1.72787126983922
Homo_sapiens	0.925	(0.9,0.95]	1.69193556116619	(0.9,0.95]	3.19833395853006
Homo_sapiens	0.975	(0.95,1]	16.1407323145063	(0.95,1]	16.0932103636058
Oryctolagus_cuniculus	0.025	[0,0.05]	73.5764611451335	[0,0.05]	49.2227159291497
Oryctolagus_cuniculus	0.075	(0.05,0.1]	1.52283132171948	(0.05,0.1]	9.77554933349565
Oryctolagus_cuniculus	0.125	(0.1,0.15]	0.589660503002557	(0.1,0.15]	3.77624931523525
Oryctolagus_cuniculus	0.175	(0.15,0.2]	0.409209822224865	(0.15,0.2]	2.69492969748615
Oryctolagus_cuniculus	0.225	(0.2,0.25]	0.284945597241215	(0.2,0.25]	1.74356321139449
Oryctolagus_cuniculus	0.275	(0.25,0.3]	0.228610500029728	(0.25,0.3]	1.39798526994948
Oryctolagus_cuniculus	0.325	(0.3,0.35]	0.188774600154587	(0.3,0.35]	1.08405867673017
Oryctolagus_cuniculus	0.375	(0.35,0.4]	0.175396872584577	(0.35,0.4]	1.01634305192038
Oryctolagus_cuniculus	0.425	(0.4,0.45]	0.146560437600333	(0.4,0.45]	0.781544829265324
Oryctolagus_cuniculus	0.475	(0.45,0.5]	0.171978119983352	(0.45,0.5]	0.807565889585489
Oryctolagus_cuniculus	0.525	(0.5,0.55]	0.151614245793448	(0.5,0.55]	0.662700103475562
Oryctolagus_cuniculus	0.575	(0.55,0.6]	0.163802842023902	(0.55,0.6]	0.6724389798527
Oryctolagus_cuniculus	0.625	(0.6,0.65]	0.167221594625126	(0.6,0.65]	0.641091971513787
Oryctolagus_cuniculus	0.675	(0.65,0.7]	0.189815090076699	(0.65,0.7]	0.65387424675878
Oryctolagus_cuniculus	0.725	(0.7,0.75]	0.224448540341281	(0.7,0.75]	0.685829934871264
Oryctolagus_cuniculus	0.775	(0.75,0.8]	0.267703192817647	(0.75,0.8]	0.777436240793718
Oryctolagus_cuniculus	0.825	(0.8,0.85]	0.345739936976039	(0.8,0.85]	0.914541359790614
Oryctolagus_cuniculus	0.875	(0.85,0.9]	0.562607765027647	(0.85,0.9]	1.35385598636557
Oryctolagus_cuniculus	0.925	(0.9,0.95]	1.2369938759736	(0.9,0.95]	2.56908515430032
Oryctolagus_cuniculus	0.975	(0.95,1]	19.3956239966704	(0.95,1]	18.7686408180656
Heterocephalus_glaber	0.025	[0,0.05]	54.6266361718074	[0,0.05]	24.0294872423544
Heterocephalus_glaber	0.075	(0.05,0.1]	3.05372644783747	(0.05,0.1]	7.68662449533337
Heterocephalus_glaber	0.125	(0.1,0.15]	1.19720900133023	(0.1,0.15]	3.30342110855032
Heterocephalus_glaber	0.175	(0.15,0.2]	0.80256422311396	(0.15,0.2]	2.68261985321761
Heterocephalus_glaber	0.225	(0.2,0.25]	0.527668000586298	(0.2,0.25]	1.65873910982527
Heterocephalus_glaber	0.275	(0.25,0.3]	0.392708889325232	(0.25,0.3]	1.44788244332205
Heterocephalus_glaber	0.325	(0.3,0.35]	0.327994889253328	(0.3,0.35]	1.14222200428252
Heterocephalus_glaber	0.375	(0.35,0.4]	0.311125000345694	(0.35,0.4]	1.12979944098465
Heterocephalus_glaber	0.425	(0.4,0.45]	0.261898111402109	(0.4,0.45]	0.854868500629301
Heterocephalus_glaber	0.475	(0.45,0.5]	0.305317333672575	(0.45,0.5]	0.974190490200886
Heterocephalus_glaber	0.525	(0.5,0.55]	0.245581333606201	(0.5,0.55]	0.804851337877376
Heterocephalus_glaber	0.575	(0.55,0.6]	0.279597666977331	(0.55,0.6]	0.875790712499387
Heterocephalus_glaber	0.625	(0.6,0.65]	0.303658000337398	(0.6,0.65]	0.854214681508361
Heterocephalus_glaber	0.675	(0.65,0.7]	0.336568111485076	(0.65,0.7]	0.947383906242338
Heterocephalus_glaber	0.725	(0.7,0.75]	0.413174000459082	(0.7,0.75]	1.05003350822995
Heterocephalus_glaber	0.775	(0.75,0.8]	0.512457445013842	(0.75,0.8]	1.24094869154448
Heterocephalus_glaber	0.825	(0.8,0.85]	0.744211000826901	(0.8,0.85]	1.4079994769447
Heterocephalus_glaber	0.875	(0.85,0.9]	1.18504055687227	(0.85,0.9]	2.29392438581866
Heterocephalus_glaber	0.925	(0.9,0.95]	2.47240666941379	(0.9,0.95]	4.10533026038346
Heterocephalus_glaber	0.975	(0.95,1]	31.7004571463338	(0.95,1]	41.5096683502509
Rattus_norvegicus	0.025	[0,0.05]	71.6863256685067	[0,0.05]	50.8225534201782
Rattus_norvegicus	0.075	(0.05,0.1]	1.74450021570669	(0.05,0.1]	8.61156737035719
Rattus_norvegicus	0.125	(0.1,0.15]	0.668617106644502	(0.1,0.15]	3.2706849439495
Rattus_norvegicus	0.175	(0.15,0.2]	0.480444311601191	(0.15,0.2]	2.34435672492487
Rattus_norvegicus	0.225	(0.2,0.25]	0.322308488536625	(0.2,0.25]	1.54685761431502
Rattus_norvegicus	0.275	(0.25,0.3]	0.259436983463469	(0.25,0.3]	1.2042721003989
Rattus_norvegicus	0.325	(0.3,0.35]	0.222774208842354	(0.3,0.35]	0.975982681492359
Rattus_norvegicus	0.375	(0.35,0.4]	0.191117596217697	(0.35,0.4]	0.903620385579012
Rattus_norvegicus	0.425	(0.4,0.45]	0.17506842981729	(0.4,0.45]	0.699704041237426
Rattus_norvegicus	0.475	(0.45,0.5]	0.192884476922329	(0.45,0.5]	0.745119708128647
Rattus_norvegicus	0.525	(0.5,0.55]	0.163730945295901	(0.5,0.55]	0.583439933995897
Rattus_norvegicus	0.575	(0.55,0.6]	0.175510149993448	(0.55,0.6]	0.640209517609925
Rattus_norvegicus	0.625	(0.6,0.65]	0.190823116100259	(0.6,0.65]	0.612051804137367
Rattus_norvegicus	0.675	(0.65,0.7]	0.207461242735544	(0.65,0.7]	0.641571987616662
Rattus_norvegicus	0.725	(0.7,0.75]	0.242651616769465	(0.7,0.75]	0.678358677798551
Rattus_norvegicus	0.775	(0.75,0.8]	0.282995392858563	(0.75,0.8]	0.805976701762885
Rattus_norvegicus	0.825	(0.8,0.85]	0.375314909675586	(0.8,0.85]	0.998387743825362
Rattus_norvegicus	0.875	(0.85,0.9]	0.572322108242057	(0.85,0.9]	1.53898556538721
Rattus_norvegicus	0.925	(0.9,0.95]	1.19735615750564	(0.9,0.95]	2.97412063914982
Rattus_norvegicus	0.975	(0.95,1]	20.6483568745647	(0.95,1]	19.4021784381552
Mus_musculus	0.025	[0,0.05]	69.1787183852864	[0,0.05]	47.3347079586814
Mus_musculus	0.075	(0.05,0.1]	1.96388321959059	(0.05,0.1]	8.32380581503134
Mus_musculus	0.125	(0.1,0.15]	0.767978898201679	(0.1,0.15]	3.13351339926875
Mus_musculus	0.175	(0.15,0.2]	0.550100324390026	(0.15,0.2]	2.31639348900217
Mus_musculus	0.225	(0.2,0.25]	0.366524703608389	(0.2,0.25]	1.47264645335011
Mus_musculus	0.275	(0.25,0.3]	0.294942742262648	(0.25,0.3]	1.20454458462517
Mus_musculus	0.325	(0.3,0.35]	0.255940754570986	(0.3,0.35]	0.958077255275915
Mus_musculus	0.375	(0.35,0.4]	0.222420973984578	(0.35,0.4]	0.939271847972428
Mus_musculus	0.425	(0.4,0.45]	0.208793773465804	(0.4,0.45]	0.719098804941329
Mus_musculus	0.475	(0.45,0.5]	0.219758187676312	(0.45,0.5]	0.7738508315152
Mus_musculus	0.525	(0.5,0.55]	0.186708310556068	(0.5,0.55]	0.657357157953772
Mus_musculus	0.575	(0.55,0.6]	0.19610637987936	(0.55,0.6]	0.702956110176388
Mus_musculus	0.625	(0.6,0.65]	0.206130987157538	(0.6,0.65]	0.669672203444552
Mus_musculus	0.675	(0.65,0.7]	0.235734905525908	(0.65,0.7]	0.745725930326798
Mus_musculus	0.725	(0.7,0.75]	0.260169885766467	(0.7,0.75]	0.802641410838239
Mus_musculus	0.775	(0.75,0.8]	0.316401667217498	(0.75,0.8]	0.954748864602732
Mus_musculus	0.825	(0.8,0.85]	0.429178499097002	(0.8,0.85]	1.17392339043188
Mus_musculus	0.875	(0.85,0.9]	0.646430534953769	(0.85,0.9]	1.79034134310549
Mus_musculus	0.925	(0.9,0.95]	1.34627343056158	(0.9,0.95]	3.44272089280751
Mus_musculus	0.975	(0.95,1]	22.1478034362474	(0.95,1]	21.8840022566489
Acyrthosiphon_pisum	0.025	[0,0.05]	47.4577280659436	[0,0.05]	27.1569077103399
Acyrthosiphon_pisum	0.075	(0.05,0.1]	1.81059076479592	(0.05,0.1]	7.36253376140244
Acyrthosiphon_pisum	0.125	(0.1,0.15]	0.765331951566697	(0.1,0.15]	2.6244712836977
Acyrthosiphon_pisum	0.175	(0.15,0.2]	0.585464053221839	(0.15,0.2]	2.0753707384192
Acyrthosiphon_pisum	0.225	(0.2,0.25]	0.397853497001209	(0.2,0.25]	1.27210416348163
Acyrthosiphon_pisum	0.275	(0.25,0.3]	0.329956343321362	(0.25,0.3]	1.02876726290577
Acyrthosiphon_pisum	0.325	(0.3,0.35]	0.277544505393059	(0.3,0.35]	0.803903582530704
Acyrthosiphon_pisum	0.375	(0.35,0.4]	0.256103298967844	(0.35,0.4]	0.780334301584875
Acyrthosiphon_pisum	0.425	(0.4,0.45]	0.236448859744731	(0.4,0.45]	0.588595016052591
Acyrthosiphon_pisum	0.475	(0.45,0.5]	0.25074299736154	(0.45,0.5]	0.672680018345819
Acyrthosiphon_pisum	0.525	(0.5,0.55]	0.222154722127921	(0.5,0.55]	0.552922590837283
Acyrthosiphon_pisum	0.575	(0.55,0.6]	0.239426805081566	(0.55,0.6]	0.583498955307547
Acyrthosiphon_pisum	0.625	(0.6,0.65]	0.242404750418401	(0.6,0.65]	0.577128879376242
Acyrthosiphon_pisum	0.675	(0.65,0.7]	0.239426805081566	(0.65,0.7]	0.64974774499312
Acyrthosiphon_pisum	0.725	(0.7,0.75]	0.29779453368354	(0.7,0.75]	0.679687101870254
Acyrthosiphon_pisum	0.775	(0.75,0.8]	0.353779906016045	(0.75,0.8]	0.791800438261224
Acyrthosiphon_pisum	0.825	(0.8,0.85]	0.44252267705374	(0.8,0.85]	1.05806961218978
Acyrthosiphon_pisum	0.875	(0.85,0.9]	0.652765617834319	(0.85,0.9]	1.71546144830046
Acyrthosiphon_pisum	0.925	(0.9,0.95]	1.43775200862413	(0.9,0.95]	3.59781888600112
Acyrthosiphon_pisum	0.975	(0.95,1]	43.5042078367609	(0.95,1]	45.4281965041023
Cimex_lectularius	0.025	[0,0.05]	32.5172874880611	[0,0.05]	11.4892402636202
Cimex_lectularius	0.075	(0.05,0.1]	2.97230181470869	(0.05,0.1]	4.45015205429364
Cimex_lectularius	0.125	(0.1,0.15]	1.38681948424069	(0.1,0.15]	1.48754581694625
Cimex_lectularius	0.175	(0.15,0.2]	1.02082139446036	(0.15,0.2]	1.38587901650748
Cimex_lectularius	0.225	(0.2,0.25]	0.705253104106972	(0.2,0.25]	0.850790593145517
Cimex_lectularius	0.275	(0.25,0.3]	0.610506208213945	(0.25,0.3]	0.81333440351018
Cimex_lectularius	0.325	(0.3,0.35]	0.500477554918816	(0.3,0.35]	0.665293273046704
Cimex_lectularius	0.375	(0.35,0.4]	0.500477554918816	(0.35,0.4]	0.677778669591817
Cimex_lectularius	0.425	(0.4,0.45]	0.446227316141356	(0.4,0.45]	0.50387493199918
Cimex_lectularius	0.475	(0.45,0.5]	0.470678127984718	(0.45,0.5]	0.62694526937243
Cimex_lectularius	0.525	(0.5,0.55]	0.400382043935053	(0.5,0.55]	0.560059216452185
Cimex_lectularius	0.575	(0.55,0.6]	0.400382043935053	(0.55,0.6]	0.659050574774148
Cimex_lectularius	0.625	(0.6,0.65]	0.460744985673352	(0.6,0.65]	0.623378013216684
Cimex_lectularius	0.675	(0.65,0.7]	0.469914040114613	(0.65,0.7]	0.755366490979301
Cimex_lectularius	0.725	(0.7,0.75]	0.534097421203438	(0.7,0.75]	0.872194130079996
Cimex_lectularius	0.775	(0.75,0.8]	0.551671442215855	(0.75,0.8]	1.11298392059288
Cimex_lectularius	0.825	(0.8,0.85]	0.738872970391595	(0.8,0.85]	1.34485557071639
Cimex_lectularius	0.875	(0.85,0.9]	1.08042024832856	(0.85,0.9]	2.27858486948302
Cimex_lectularius	0.925	(0.9,0.95]	2.04087870105062	(0.9,0.95]	4.79795952947891
Cimex_lectularius	0.975	(0.95,1]	52.1917860553964	(0.95,1]	64.0447333921931
Halyomorpha_halys	0.025	[0,0.05]	42.5490665663097	[0,0.05]	13.5862583398947
Halyomorpha_halys	0.075	(0.05,0.1]	2.62638703570655	(0.05,0.1]	5.4577099995856
Halyomorpha_halys	0.125	(0.1,0.15]	1.19287921812811	(0.1,0.15]	1.97187573384167
Halyomorpha_halys	0.175	(0.15,0.2]	0.851893667248281	(0.15,0.2]	1.75293191330654
Halyomorpha_halys	0.225	(0.2,0.25]	0.619818217067524	(0.2,0.25]	1.13961294600307
Halyomorpha_halys	0.275	(0.25,0.3]	0.510908116368447	(0.25,0.3]	1.0194355807882
Halyomorpha_halys	0.325	(0.3,0.35]	0.433359562991093	(0.3,0.35]	0.812233226969458
Halyomorpha_halys	0.375	(0.35,0.4]	0.415112844549363	(0.35,0.4]	0.835716160402249
Halyomorpha_halys	0.425	(0.4,0.45]	0.354670589711132	(0.4,0.45]	0.617463014379843
Halyomorpha_halys	0.475	(0.45,0.5]	0.370066258396342	(0.45,0.5]	0.785987595485751
Halyomorpha_halys	0.525	(0.5,0.55]	0.351819539954611	(0.5,0.55]	0.609865594739823
Halyomorpha_halys	0.575	(0.55,0.6]	0.375768357909382	(0.55,0.6]	0.744547124722003
Halyomorpha_halys	0.625	(0.6,0.65]	0.3923044464972	(0.6,0.65]	0.687911814678215
Halyomorpha_halys	0.675	(0.65,0.7]	0.387172556935464	(0.65,0.7]	0.799801085740334
Halyomorpha_halys	0.725	(0.7,0.75]	0.465861530215425	(0.7,0.75]	0.872321909576893
Halyomorpha_halys	0.775	(0.75,0.8]	0.519461265638008	(0.75,0.8]	1.07261751826834
Halyomorpha_halys	0.825	(0.8,0.85]	0.722456008302257	(0.8,0.85]	1.23423535424696
Halyomorpha_halys	0.875	(0.85,0.9]	1.0087014038569	(0.85,0.9]	1.94839280040888
Halyomorpha_halys	0.925	(0.9,0.95]	1.96038181258339	(0.9,0.95]	3.7033967372536
Halyomorpha_halys	0.975	(0.95,1]	43.8919110016308	(0.95,1]	60.3476855497078
Blattella_germanica	0.025	[0,0.05]	25.6959002117164	[0,0.05]	6.00856251002455
Blattella_germanica	0.075	(0.05,0.1]	2.47489127373987	(0.05,0.1]	3.21402573688172
Blattella_germanica	0.125	(0.1,0.15]	1.07005412846907	(0.1,0.15]	1.01664384153188
Blattella_germanica	0.175	(0.15,0.2]	0.833307259889657	(0.15,0.2]	0.968525989808886
Blattella_germanica	0.225	(0.2,0.25]	0.597603329057289	(0.2,0.25]	0.508321920765938
Blattella_germanica	0.275	(0.25,0.3]	0.489137803364517	(0.25,0.3]	0.51942604039432
Blattella_germanica	0.325	(0.3,0.35]	0.400488094865617	(0.3,0.35]	0.455268904763667
Blattella_germanica	0.375	(0.35,0.4]	0.420303912059489	(0.35,0.4]	0.514490876115039
Blattella_germanica	0.425	(0.4,0.45]	0.403616908106755	(0.4,0.45]	0.339292544200565
Blattella_germanica	0.475	(0.45,0.5]	0.417175098818352	(0.45,0.5]	0.486113681509173
Blattella_germanica	0.525	(0.5,0.55]	0.325396577078314	(0.5,0.55]	0.352864245968588
Blattella_germanica	0.575	(0.55,0.6]	0.40987453458903	(0.55,0.6]	0.558907354628567
Blattella_germanica	0.625	(0.6,0.65]	0.348341207513324	(0.6,0.65]	0.528062577883061
Blattella_germanica	0.675	(0.65,0.7]	0.417175098818352	(0.65,0.7]	0.645272729515984
Blattella_germanica	0.725	(0.7,0.75]	0.444291480241544	(0.7,0.75]	0.745209806171423
Blattella_germanica	0.775	(0.75,0.8]	0.626805585974573	(0.75,0.8]	0.994435602275111
Blattella_germanica	0.825	(0.8,0.85]	0.749872240125987	(0.8,0.85]	1.365806714291
Blattella_germanica	0.875	(0.85,0.9]	1.0366801205636	(0.85,0.9]	2.3898533022418
Blattella_germanica	0.925	(0.9,0.95]	2.07440317887425	(0.9,0.95]	4.89444917397688
Blattella_germanica	0.975	(0.95,1]	60.764681956134	(0.95,1]	73.4944664470518
Zootermopsis_nevadensis	0.025	[0,0.05]	58.4177578132467	[0,0.05]	33.9879436237052
Zootermopsis_nevadensis	0.075	(0.05,0.1]	2.81468030201663	(0.05,0.1]	8.84318220410936
Zootermopsis_nevadensis	0.125	(0.1,0.15]	1.27154417152506	(0.1,0.15]	3.62243165223298
Zootermopsis_nevadensis	0.175	(0.15,0.2]	0.821545764439772	(0.15,0.2]	2.78612667685515
Zootermopsis_nevadensis	0.225	(0.2,0.25]	0.586590843926216	(0.2,0.25]	1.78723042961454
Zootermopsis_nevadensis	0.275	(0.25,0.3]	0.459157666698525	(0.25,0.3]	1.49346238750212
Zootermopsis_nevadensis	0.325	(0.3,0.35]	0.4022109656249	(0.3,0.35]	1.17210052640516
Zootermopsis_nevadensis	0.375	(0.35,0.4]	0.35402529548568	(0.35,0.4]	1.12115809135677
Zootermopsis_nevadensis	0.425	(0.4,0.45]	0.320972315142247	(0.4,0.45]	0.893615214807268
Zootermopsis_nevadensis	0.475	(0.45,0.5]	0.323361687215267	(0.45,0.5]	0.971726948548141
Zootermopsis_nevadensis	0.525	(0.5,0.55]	0.300662652521584	(0.5,0.55]	0.840125658006453
Zootermopsis_nevadensis	0.575	(0.55,0.6]	0.286724648762305	(0.55,0.6]	0.907199864153507
Zootermopsis_nevadensis	0.625	(0.6,0.65]	0.300662652521584	(0.6,0.65]	0.877058923416539
Zootermopsis_nevadensis	0.675	(0.65,0.7]	0.349246551339641	(0.65,0.7]	0.961538461538462
Zootermopsis_nevadensis	0.725	(0.7,0.75]	0.384290675077256	(0.7,0.75]	1.02012226184412
Zootermopsis_nevadensis	0.775	(0.75,0.8]	0.444024976902737	(0.75,0.8]	1.21794871794872
Zootermopsis_nevadensis	0.825	(0.8,0.85]	0.584599700532033	(0.8,0.85]	1.56393275598574
Zootermopsis_nevadensis	0.875	(0.85,0.9]	0.85858103157157	(0.85,0.9]	2.29453217863814
Zootermopsis_nevadensis	0.925	(0.9,0.95]	1.69685240052248	(0.9,0.95]	4.38444557649856
Zootermopsis_nevadensis	0.975	(0.95,1]	29.0225078849278	(0.95,1]	29.2541178468331
Cryptotermes_secundus	0.025	[0,0.05]	35.7286181774109	[0,0.05]	10.5163319300464
Cryptotermes_secundus	0.075	(0.05,0.1]	3.8205152376207	(0.05,0.1]	5.68414396725294
Cryptotermes_secundus	0.125	(0.1,0.15]	1.5264554183444	(0.1,0.15]	1.94186065860193
Cryptotermes_secundus	0.175	(0.15,0.2]	1.10359966063805	(0.15,0.2]	1.7180558097742
Cryptotermes_secundus	0.225	(0.2,0.25]	0.736630890017103	(0.2,0.25]	1.05995307586069
Cryptotermes_secundus	0.275	(0.25,0.3]	0.618796881102118	(0.25,0.3]	0.961778458159309
Cryptotermes_secundus	0.325	(0.3,0.35]	0.521836325194931	(0.3,0.35]	0.754613375043679
Cryptotermes_secundus	0.375	(0.35,0.4]	0.467296012497138	(0.35,0.4]	0.817844484749655
Cryptotermes_secundus	0.425	(0.4,0.45]	0.368988782202351	(0.4,0.45]	0.556600163069704
Cryptotermes_secundus	0.475	(0.45,0.5]	0.45382926862114	(0.45,0.5]	0.798708754180741
Cryptotermes_secundus	0.525	(0.5,0.55]	0.386495549241149	(0.5,0.55]	0.573239928781803
Cryptotermes_secundus	0.575	(0.55,0.6]	0.408042339442746	(0.55,0.6]	0.714677937334642
Cryptotermes_secundus	0.625	(0.6,0.65]	0.428915792450543	(0.6,0.65]	0.741301562474
Cryptotermes_secundus	0.675	(0.65,0.7]	0.517796302032132	(0.65,0.7]	0.805364660465581
Cryptotermes_secundus	0.725	(0.7,0.75]	0.599270102481921	(0.7,0.75]	0.94846664558963
Cryptotermes_secundus	0.775	(0.75,0.8]	0.692190635226309	(0.75,0.8]	1.30622160839975
Cryptotermes_secundus	0.825	(0.8,0.85]	0.915738583567879	(0.8,0.85]	1.60740136778874
Cryptotermes_secundus	0.875	(0.85,0.9]	1.43420822279381	(0.85,0.9]	2.79381666306138
Cryptotermes_secundus	0.925	(0.9,0.95]	2.94585022287461	(0.9,0.95]	5.73156729953242
Cryptotermes_secundus	0.975	(0.95,1]	46.3249255962401	(0.95,1]	59.9680516498328
Onthophagus_taurus	0.025	[0,0.05]	28.935330779347	[0,0.05]	15.4280016667659
Onthophagus_taurus	0.075	(0.05,0.1]	2.83749785579507	(0.05,0.1]	5.18483243050182
Onthophagus_taurus	0.125	(0.1,0.15]	1.4294699525416	(0.1,0.15]	1.962914459194
Onthophagus_taurus	0.175	(0.15,0.2]	1.11784550288753	(0.15,0.2]	1.69206500386928
Onthophagus_taurus	0.225	(0.2,0.25]	0.834810452284293	(0.2,0.25]	1.01642954937794
Onthophagus_taurus	0.275	(0.25,0.3]	0.714734976270799	(0.25,0.3]	0.962854931841181
Onthophagus_taurus	0.325	(0.3,0.35]	0.696151866887758	(0.3,0.35]	0.830406571819751
Onthophagus_taurus	0.375	(0.35,0.4]	0.587512150494597	(0.35,0.4]	0.773855586642062
Onthophagus_taurus	0.425	(0.4,0.45]	0.493167133626851	(0.4,0.45]	0.659265432466218
Onthophagus_taurus	0.475	(0.45,0.5]	0.531762822345474	(0.45,0.5]	0.814036549794631
Onthophagus_taurus	0.525	(0.5,0.55]	0.497455543484476	(0.5,0.55]	0.66521816774808
Onthophagus_taurus	0.575	(0.55,0.6]	0.487449253816685	(0.55,0.6]	0.875052086433716
Onthophagus_taurus	0.625	(0.6,0.65]	0.51032077305735	(0.6,0.65]	0.885469373176975
Onthophagus_taurus	0.675	(0.65,0.7]	0.536051232203099	(0.65,0.7]	1.12655515209239
Onthophagus_taurus	0.725	(0.7,0.75]	0.591800560352221	(0.7,0.75]	1.22626346806358
Onthophagus_taurus	0.775	(0.75,0.8]	0.66184458802676	(0.75,0.8]	1.69950592297161
Onthophagus_taurus	0.825	(0.8,0.85]	0.799073703470753	(0.8,0.85]	2.24418120126198
Onthophagus_taurus	0.875	(0.85,0.9]	1.02778889587741	(0.85,0.9]	3.80677421275076
Onthophagus_taurus	0.925	(0.9,0.95]	1.86116987820916	(0.9,0.95]	7.52425739627359
Onthophagus_taurus	0.975	(0.95,1]	54.8487620790211	(0.95,1]	50.6220608369546
Tribolium_castaneum	0.025	[0,0.05]	39.7544597436071	[0,0.05]	26.0722705839681
Tribolium_castaneum	0.075	(0.05,0.1]	2.75837120441339	(0.05,0.1]	6.49709829524846
Tribolium_castaneum	0.125	(0.1,0.15]	1.26500712202401	(0.1,0.15]	2.76115342763874
Tribolium_castaneum	0.175	(0.15,0.2]	0.957516561532027	(0.15,0.2]	1.98358723249909
Tribolium_castaneum	0.225	(0.2,0.25]	0.590110560944177	(0.2,0.25]	1.34090496916939
Tribolium_castaneum	0.275	(0.25,0.3]	0.543760880870017	(0.25,0.3]	1.10174102285093
Tribolium_castaneum	0.325	(0.3,0.35]	0.471410160754256	(0.3,0.35]	0.939653608995285
Tribolium_castaneum	0.375	(0.35,0.4]	0.451061520721698	(0.35,0.4]	0.915850562205296
Tribolium_castaneum	0.425	(0.4,0.45]	0.375319360600511	(0.4,0.45]	0.760564018861081
Tribolium_castaneum	0.475	(0.45,0.5]	0.438626240701802	(0.45,0.5]	0.864844033369605
Tribolium_castaneum	0.525	(0.5,0.55]	0.352709760564336	(0.5,0.55]	0.805903155603917
Tribolium_castaneum	0.575	(0.55,0.6]	0.4126252006602	(0.55,0.6]	0.964590134203845
Tribolium_castaneum	0.625	(0.6,0.65]	0.366275520586041	(0.6,0.65]	0.989526659412405
Tribolium_castaneum	0.675	(0.65,0.7]	0.435234800696376	(0.65,0.7]	1.16861624954661
Tribolium_castaneum	0.725	(0.7,0.75]	0.469149200750639	(0.7,0.75]	1.38624410591222
Tribolium_castaneum	0.775	(0.75,0.8]	0.535847520857356	(0.75,0.8]	1.8974428726877
Tribolium_castaneum	0.825	(0.8,0.85]	0.687331841099731	(0.8,0.85]	2.52765687341313
Tribolium_castaneum	0.875	(0.85,0.9]	0.973343281557349	(0.85,0.9]	4.15419840406239
Tribolium_castaneum	0.925	(0.9,0.95]	1.95573040312917	(0.9,0.95]	8.2528563656148
Tribolium_castaneum	0.975	(0.95,1]	46.2061091139298	(0.95,1]	34.615297424737
Dendroctonus_ponderosae	0.025	[0,0.05]	38.3031234827642	[0,0.05]	22.8874649579495
Dendroctonus_ponderosae	0.075	(0.05,0.1]	2.52063440686195	(0.05,0.1]	6.2433253237218
Dendroctonus_ponderosae	0.125	(0.1,0.15]	1.21702540864218	(0.1,0.15]	2.37201308236551
Dendroctonus_ponderosae	0.175	(0.15,0.2]	0.889302476128824	(0.15,0.2]	1.95234281137365
Dendroctonus_ponderosae	0.225	(0.2,0.25]	0.614986243728759	(0.2,0.25]	1.25567347483647
Dendroctonus_ponderosae	0.275	(0.25,0.3]	0.514646382909856	(0.25,0.3]	1.14053530903751
Dendroctonus_ponderosae	0.325	(0.3,0.35]	0.430490370610131	(0.3,0.35]	0.906087304765719
Dendroctonus_ponderosae	0.375	(0.35,0.4]	0.496034957112801	(0.35,0.4]	0.905252970230944
Dendroctonus_ponderosae	0.425	(0.4,0.45]	0.382748017478556	(0.4,0.45]	0.769256441062608
Dendroctonus_ponderosae	0.475	(0.45,0.5]	0.436154717591843	(0.45,0.5]	0.820985182218662
Dendroctonus_ponderosae	0.525	(0.5,0.55]	0.345525165884447	(0.5,0.55]	0.692497663863303
Dendroctonus_ponderosae	0.575	(0.55,0.6]	0.364136591681502	(0.55,0.6]	0.814310505940462
Dendroctonus_ponderosae	0.625	(0.6,0.65]	0.404596212979447	(0.6,0.65]	0.832665865705513
Dendroctonus_ponderosae	0.675	(0.65,0.7]	0.392458326590063	(0.65,0.7]	0.950307035108797
Dendroctonus_ponderosae	0.725	(0.7,0.75]	0.454766143388898	(0.7,0.75]	1.14720998531571
Dendroctonus_ponderosae	0.775	(0.75,0.8]	0.513027998057938	(0.75,0.8]	1.46008543585636
Dendroctonus_ponderosae	0.825	(0.8,0.85]	0.627124130118142	(0.8,0.85]	1.97236684020825
Dendroctonus_ponderosae	0.875	(0.85,0.9]	0.93542644440848	(0.85,0.9]	3.09955279668936
Dendroctonus_ponderosae	0.925	(0.9,0.95]	1.8150186114258	(0.9,0.95]	6.51949005473235
Dendroctonus_ponderosae	0.975	(0.95,1]	48.3427739116362	(0.95,1]	43.2585769590175
Leptinotarsa_decemlineata	0.025	[0,0.05]	37.3154474652396	[0,0.05]	13.9126438062342
Leptinotarsa_decemlineata	0.075	(0.05,0.1]	2.3125806297482	(0.05,0.1]	4.69233126270927
Leptinotarsa_decemlineata	0.125	(0.1,0.15]	1.10014811983372	(0.1,0.15]	1.90673834925764
Leptinotarsa_decemlineata	0.175	(0.15,0.2]	0.802713937598547	(0.15,0.2]	1.77860107523886
Leptinotarsa_decemlineata	0.225	(0.2,0.25]	0.548282287734722	(0.2,0.25]	1.00559904175604
Leptinotarsa_decemlineata	0.275	(0.25,0.3]	0.495723637058627	(0.25,0.3]	0.926209643722666
Leptinotarsa_decemlineata	0.325	(0.3,0.35]	0.392995365282622	(0.3,0.35]	0.672720688598568
Leptinotarsa_decemlineata	0.375	(0.35,0.4]	0.377466673037412	(0.35,0.4]	0.857962617343101
Leptinotarsa_decemlineata	0.425	(0.4,0.45]	0.321324477997038	(0.4,0.45]	0.565475361430681
Leptinotarsa_decemlineata	0.475	(0.45,0.5]	0.397773424434994	(0.45,0.5]	0.686648653165826
Leptinotarsa_decemlineata	0.525	(0.5,0.55]	0.301017726599455	(0.5,0.55]	0.559904175603777
Leptinotarsa_decemlineata	0.575	(0.55,0.6]	0.339242199818434	(0.55,0.6]	0.686648653165826
Leptinotarsa_decemlineata	0.625	(0.6,0.65]	0.377466673037412	(0.6,0.65]	0.614223237416084
Leptinotarsa_decemlineata	0.675	(0.65,0.7]	0.38821730613025	(0.65,0.7]	0.781358812223182
Leptinotarsa_decemlineata	0.725	(0.7,0.75]	0.431219838501601	(0.7,0.75]	0.87189058191036
Leptinotarsa_decemlineata	0.775	(0.75,0.8]	0.490945577906254	(0.75,0.8]	1.02370539569347
Leptinotarsa_decemlineata	0.825	(0.8,0.85]	0.613980601079841	(0.8,0.85]	1.25073121813978
Leptinotarsa_decemlineata	0.875	(0.85,0.9]	0.960389889626833	(0.85,0.9]	2.11565781776651
Leptinotarsa_decemlineata	0.925	(0.9,0.95]	1.90883463137274	(0.9,0.95]	4.34134655561436
Leptinotarsa_decemlineata	0.975	(0.95,1]	50.1242295379617	(0.95,1]	60.7496030530098
Anoplophora_glabripennis	0.025	[0,0.05]	22.5200741198271	[0,0.05]	6.80623282557936
Anoplophora_glabripennis	0.075	(0.05,0.1]	2.90851691716423	(0.05,0.1]	2.81144273075274
Anoplophora_glabripennis	0.125	(0.1,0.15]	1.17905428591037	(0.1,0.15]	0.968915291389361
Anoplophora_glabripennis	0.175	(0.15,0.2]	1.02257909546359	(0.15,0.2]	0.889496005209905
Anoplophora_glabripennis	0.225	(0.2,0.25]	0.678059158602704	(0.2,0.25]	0.500341502930572
Anoplophora_glabripennis	0.275	(0.25,0.3]	0.547663166563722	(0.25,0.3]	0.50351827437775
Anoplophora_glabripennis	0.325	(0.3,0.35]	0.479033697069522	(0.3,0.35]	0.389154502279334
Anoplophora_glabripennis	0.375	(0.35,0.4]	0.463935213780797	(0.35,0.4]	0.436806073987007
Anoplophora_glabripennis	0.425	(0.4,0.45]	0.417267174524741	(0.4,0.45]	0.301793287481932
Anoplophora_glabripennis	0.475	(0.45,0.5]	0.443346372932537	(0.45,0.5]	0.420922216751116
Anoplophora_glabripennis	0.525	(0.5,0.55]	0.387070207947293	(0.5,0.55]	0.339914544848071
Anoplophora_glabripennis	0.575	(0.55,0.6]	0.396678333676481	(0.55,0.6]	0.400273202344457
Anoplophora_glabripennis	0.625	(0.6,0.65]	0.435110836593233	(0.6,0.65]	0.425687373921883
Anoplophora_glabripennis	0.675	(0.65,0.7]	0.417267174524741	(0.65,0.7]	0.479692488523913
Anoplophora_glabripennis	0.725	(0.7,0.75]	0.518838789376158	(0.7,0.75]	0.614705275028988
Anoplophora_glabripennis	0.775	(0.75,0.8]	0.610802278498387	(0.75,0.8]	0.897437933827851
Anoplophora_glabripennis	0.825	(0.8,0.85]	0.671196211653284	(0.8,0.85]	1.0943977635529
Anoplophora_glabripennis	0.875	(0.85,0.9]	1.13650401482397	(0.85,0.9]	2.14114395539813
Anoplophora_glabripennis	0.925	(0.9,0.95]	2.19888820259419	(0.9,0.95]	4.95735184332163
Anoplophora_glabripennis	0.975	(0.95,1]	62.568114748473	(0.95,1]	74.6207729084931
Bombyx_mori	0.025	[0,0.05]	26.4167442705612	[0,0.05]	9.74263057430918
Bombyx_mori	0.075	(0.05,0.1]	2.42351284439094	(0.05,0.1]	3.8932089829488
Bombyx_mori	0.125	(0.1,0.15]	1.06866241170191	(0.1,0.15]	1.25674169538426
Bombyx_mori	0.175	(0.15,0.2]	0.76089672246576	(0.15,0.2]	1.18500108891992
Bombyx_mori	0.225	(0.2,0.25]	0.524678038476389	(0.2,0.25]	0.637978964629319
Bombyx_mori	0.275	(0.25,0.3]	0.488336702478025	(0.25,0.3]	0.64566545817907
Bombyx_mori	0.325	(0.3,0.35]	0.398619029232062	(0.3,0.35]	0.493216669442345
Bombyx_mori	0.375	(0.35,0.4]	0.399754695982011	(0.35,0.4]	0.548303206548892
Bombyx_mori	0.425	(0.4,0.45]	0.350921025734209	(0.4,0.45]	0.370232772646332
Bombyx_mori	0.475	(0.45,0.5]	0.382719694732778	(0.45,0.5]	0.521400479124765
Bombyx_mori	0.525	(0.5,0.55]	0.325936357235333	(0.5,0.55]	0.400978746845335
Bombyx_mori	0.575	(0.55,0.6]	0.320258023485588	(0.55,0.6]	0.522681561383056
Bombyx_mori	0.625	(0.6,0.65]	0.358870692983851	(0.6,0.65]	0.466313942018217
Bombyx_mori	0.675	(0.65,0.7]	0.371363027233289	(0.65,0.7]	0.611076237205191
Bombyx_mori	0.725	(0.7,0.75]	0.414518363731347	(0.7,0.75]	0.680254679152948
Bombyx_mori	0.775	(0.75,0.8]	0.461080700479251	(0.75,0.8]	0.963373858235437
Bombyx_mori	0.825	(0.8,0.85]	0.597360710473119	(0.8,0.85]	1.34129312443152
Bombyx_mori	0.875	(0.85,0.9]	0.97667340495605	(0.85,0.9]	2.46736442947002
Bombyx_mori	0.925	(0.9,0.95]	1.94653280941241	(0.9,0.95]	6.07617315107803
Bombyx_mori	0.975	(0.95,1]	61.0125604742544	(0.95,1]	67.1761103780474
Aedes_aegypti	0.025	[0,0.05]	41.9528909919465	[0,0.05]	24.5340900375796
Aedes_aegypti	0.075	(0.05,0.1]	3.50928310858848	(0.05,0.1]	5.75069662806452
Aedes_aegypti	0.125	(0.1,0.15]	1.55825689677277	(0.1,0.15]	2.16018610834164
Aedes_aegypti	0.175	(0.15,0.2]	1.26222305101339	(0.15,0.2]	1.79461615154536
Aedes_aegypti	0.225	(0.2,0.25]	0.814675819629142	(0.2,0.25]	1.1401692358821
Aedes_aegypti	0.275	(0.25,0.3]	0.681810235311943	(0.25,0.3]	1.01618222256308
Aedes_aegypti	0.325	(0.3,0.35]	0.631694269297561	(0.3,0.35]	0.819336861211238
Aedes_aegypti	0.375	(0.35,0.4]	0.580412815701449	(0.35,0.4]	0.810389344786154
Aedes_aegypti	0.425	(0.4,0.45]	0.525634899360147	(0.4,0.45]	0.582866784262597
Aedes_aegypti	0.475	(0.45,0.5]	0.530296849687067	(0.45,0.5]	0.729861696960401
Aedes_aegypti	0.525	(0.5,0.55]	0.434726867985222	(0.5,0.55]	0.540685635401488
Aedes_aegypti	0.575	(0.55,0.6]	0.498828684980362	(0.55,0.6]	0.711966664110233
Aedes_aegypti	0.625	(0.6,0.65]	0.461533082365007	(0.6,0.65]	0.657003348927576
Aedes_aegypti	0.675	(0.65,0.7]	0.534958800013986	(0.65,0.7]	0.777155712350129
Aedes_aegypti	0.725	(0.7,0.75]	0.50931807321593	(0.7,0.75]	0.903699158933456
Aedes_aegypti	0.775	(0.75,0.8]	0.554772088903393	(0.75,0.8]	1.11204846997469
Aedes_aegypti	0.825	(0.8,0.85]	0.69812706145616	(0.8,0.85]	1.31017204795869
Aedes_aegypti	0.875	(0.85,0.9]	0.902087388258878	(0.85,0.9]	2.12056139274484
Aedes_aegypti	0.925	(0.9,0.95]	1.62702066409482	(0.9,0.95]	4.21683666947874
Aedes_aegypti	0.975	(0.95,1]	41.7314483514178	(0.95,1]	48.3114758289235
Ceratitis_capitata	0.025	[0,0.05]	36.9843420656429	[0,0.05]	22.1146352095745
Ceratitis_capitata	0.075	(0.05,0.1]	3.34989461005721	(0.05,0.1]	6.61021650968944
Ceratitis_capitata	0.125	(0.1,0.15]	1.51937167519823	(0.1,0.15]	2.23775115256073
Ceratitis_capitata	0.175	(0.15,0.2]	1.05640871223527	(0.15,0.2]	1.84673914479333
Ceratitis_capitata	0.225	(0.2,0.25]	0.80297099267289	(0.2,0.25]	1.14397432002219
Ceratitis_capitata	0.275	(0.25,0.3]	0.653668573722774	(0.25,0.3]	1.03036947992761
Ceratitis_capitata	0.325	(0.3,0.35]	0.61352002408913	(0.3,0.35]	0.836184462556637
Ceratitis_capitata	0.375	(0.35,0.4]	0.55957041051892	(0.35,0.4]	0.780703029022074
Ceratitis_capitata	0.425	(0.4,0.45]	0.431596908561678	(0.4,0.45]	0.583876038625646
Ceratitis_capitata	0.475	(0.45,0.5]	0.583408611863896	(0.45,0.5]	0.77145612343298
Ceratitis_capitata	0.525	(0.5,0.55]	0.456689752082706	(0.5,0.55]	0.686912986618407
Ceratitis_capitata	0.575	(0.55,0.6]	0.427832982033524	(0.55,0.6]	0.785986975072984
Ceratitis_capitata	0.625	(0.6,0.65]	0.450416541202449	(0.6,0.65]	0.791270921123895
Ceratitis_capitata	0.675	(0.65,0.7]	0.520676503061327	(0.65,0.7]	0.889023923065745
Ceratitis_capitata	0.725	(0.7,0.75]	0.525695071765532	(0.7,0.75]	0.994702844083962
Ceratitis_capitata	0.775	(0.75,0.8]	0.573371474455485	(0.75,0.8]	1.38439386533863
Ceratitis_capitata	0.825	(0.8,0.85]	0.653668573722774	(0.8,0.85]	1.66312201952418
Ceratitis_capitata	0.875	(0.85,0.9]	0.993676603432701	(0.85,0.9]	2.92070117964096
Ceratitis_capitata	0.925	(0.9,0.95]	1.81295794439426	(0.9,0.95]	5.82555052112918
Ceratitis_capitata	0.975	(0.95,1]	47.0302619692864	(0.95,1]	46.1024292941969
Lucilia_cuprina	0.025	[0,0.05]	26.8971579255787	[0,0.05]	18.1360977111773
Lucilia_cuprina	0.075	(0.05,0.1]	2.34570241809	(0.05,0.1]	4.10722227924322
Lucilia_cuprina	0.125	(0.1,0.15]	1.30297650850554	(0.1,0.15]	1.94327551404427
Lucilia_cuprina	0.175	(0.15,0.2]	1.02549077058306	(0.15,0.2]	1.61312395223921
Lucilia_cuprina	0.225	(0.2,0.25]	0.813498560865893	(0.2,0.25]	1.06743302884122
Lucilia_cuprina	0.275	(0.25,0.3]	0.661829337653608	(0.25,0.3]	0.973348386876048
Lucilia_cuprina	0.325	(0.3,0.35]	0.503266058840764	(0.3,0.35]	0.786889732799617
Lucilia_cuprina	0.375	(0.35,0.4]	0.582547698247186	(0.35,0.4]	0.911765712135208
Lucilia_cuprina	0.425	(0.4,0.45]	0.48086037813895	(0.4,0.45]	0.684251941564884
Lucilia_cuprina	0.475	(0.45,0.5]	0.491201461539787	(0.45,0.5]	0.891238153888262
Lucilia_cuprina	0.525	(0.5,0.55]	0.463625239137554	(0.5,0.55]	0.754387765575285
Lucilia_cuprina	0.575	(0.55,0.6]	0.499819031040485	(0.55,0.6]	0.94426767935954
Lucilia_cuprina	0.625	(0.6,0.65]	0.506713086641044	(0.6,0.65]	0.978480276437784
Lucilia_cuprina	0.675	(0.65,0.7]	0.472242808638252	(0.65,0.7]	1.14612200212118
Lucilia_cuprina	0.725	(0.7,0.75]	0.536012822943417	(0.7,0.75]	1.37705703239933
Lucilia_cuprina	0.775	(0.75,0.8]	0.580824184347047	(0.75,0.8]	1.70720859420439
Lucilia_cuprina	0.825	(0.8,0.85]	0.730769893659192	(0.8,0.85]	2.29566526395019
Lucilia_cuprina	0.875	(0.85,0.9]	0.896227228072594	(0.85,0.9]	3.48968490198091
Lucilia_cuprina	0.925	(0.9,0.95]	1.47015735681908	(0.9,0.95]	6.89897020082794
Lucilia_cuprina	0.975	(0.95,1]	58.7390772306579	(0.95,1]	49.2935098703343
Musca_domestica	0.025	[0,0.05]	24.2608575434993	[0,0.05]	12.0380103435227
Musca_domestica	0.075	(0.05,0.1]	2.71562024766457	(0.05,0.1]	4.02388260522222
Musca_domestica	0.125	(0.1,0.15]	1.31929769122904	(0.1,0.15]	1.35180591178573
Musca_domestica	0.175	(0.15,0.2]	1.0783481128908	(0.15,0.2]	1.37282933187571
Musca_domestica	0.225	(0.2,0.25]	0.813698576027492	(0.2,0.25]	0.697977546987344
Musca_domestica	0.275	(0.25,0.3]	0.679398811052081	(0.25,0.3]	0.664340074843376
Musca_domestica	0.325	(0.3,0.35]	0.606323938933107	(0.3,0.35]	0.567632342429466
Musca_domestica	0.375	(0.35,0.4]	0.622123911283155	(0.35,0.4]	0.643316654753395
Musca_domestica	0.425	(0.4,0.45]	0.507574111745304	(0.4,0.45]	0.433082453853593
Musca_domestica	0.475	(0.45,0.5]	0.560899018426718	(0.45,0.5]	0.559222974393474
Musca_domestica	0.525	(0.5,0.55]	0.472024173957696	(0.5,0.55]	0.458310557961569
Musca_domestica	0.575	(0.55,0.6]	0.515474097920329	(0.55,0.6]	0.557120632384476
Musca_domestica	0.625	(0.6,0.65]	0.493749135939012	(0.6,0.65]	0.613883866627423
Musca_domestica	0.675	(0.65,0.7]	0.47992416013272	(0.65,0.7]	0.746331413194299
Musca_domestica	0.725	(0.7,0.75]	0.543124049532913	(0.7,0.75]	0.90400706386915
Musca_domestica	0.775	(0.75,0.8]	0.622123911283155	(0.75,0.8]	1.12475297481394
Musca_domestica	0.825	(0.8,0.85]	0.651748859439496	(0.8,0.85]	1.52419795652357
Musca_domestica	0.875	(0.85,0.9]	0.971698299527976	(0.85,0.9]	2.83605937013833
Musca_domestica	0.925	(0.9,0.95]	1.57999723500484	(0.9,0.95]	6.42055249547996
Musca_domestica	0.975	(0.95,1]	60.5059941145103	(0.95,1]	62.4626834293403
Drosophila_grimshawi	0.025	[0,0.05]	15.6925081433225	[0,0.05]	5.12791163509414
Drosophila_grimshawi	0.075	(0.05,0.1]	2.38436482084691	(0.05,0.1]	1.8886281691753
Drosophila_grimshawi	0.125	(0.1,0.15]	1.17263843648208	(0.1,0.15]	0.638127396554684
Drosophila_grimshawi	0.175	(0.15,0.2]	0.987622149837133	(0.15,0.2]	0.575173124248841
Drosophila_grimshawi	0.225	(0.2,0.25]	0.64885993485342	(0.2,0.25]	0.380587191667144
Drosophila_grimshawi	0.275	(0.25,0.3]	0.599348534201954	(0.25,0.3]	0.346248497682138
Drosophila_grimshawi	0.325	(0.3,0.35]	0.58371335504886	(0.3,0.35]	0.334802266353803
Drosophila_grimshawi	0.375	(0.35,0.4]	0.568078175895765	(0.35,0.4]	0.343386939850054
Drosophila_grimshawi	0.425	(0.4,0.45]	0.471661237785016	(0.4,0.45]	0.303325130200881
Drosophila_grimshawi	0.475	(0.45,0.5]	0.531596091205212	(0.45,0.5]	0.374864076002976
Drosophila_grimshawi	0.525	(0.5,0.55]	0.416938110749186	(0.5,0.55]	0.340525382017971
Drosophila_grimshawi	0.575	(0.55,0.6]	0.476872964169381	(0.55,0.6]	0.420649001316317
Drosophila_grimshawi	0.625	(0.6,0.65]	0.492508143322476	(0.6,0.65]	0.469295484461741
Drosophila_grimshawi	0.675	(0.65,0.7]	0.49771986970684	(0.65,0.7]	0.549419103760087
Drosophila_grimshawi	0.725	(0.7,0.75]	0.500325732899023	(0.7,0.75]	0.698220111028444
Drosophila_grimshawi	0.775	(0.75,0.8]	0.547231270358306	(0.75,0.8]	0.847021118296801
Drosophila_grimshawi	0.825	(0.8,0.85]	0.633224755700326	(0.8,0.85]	1.15606936416185
Drosophila_grimshawi	0.875	(0.85,0.9]	0.906840390879479	(0.85,0.9]	2.04029073427574
Drosophila_grimshawi	0.925	(0.9,0.95]	1.63648208469055	(0.9,0.95]	4.79310936874034
Drosophila_grimshawi	0.975	(0.95,1]	70.2514657980456	(0.95,1]	78.3723459051107
Drosophila_pseudoobscura	0.025	[0,0.05]	40.4104911730487	[0,0.05]	36.9895037604638
Drosophila_pseudoobscura	0.075	(0.05,0.1]	3.18048459709646	(0.05,0.1]	5.38743993293741
Drosophila_pseudoobscura	0.125	(0.1,0.15]	1.65663412413374	(0.1,0.15]	2.55499014132732
Drosophila_pseudoobscura	0.175	(0.15,0.2]	1.22287419697506	(0.15,0.2]	1.86075067593894
Drosophila_pseudoobscura	0.225	(0.2,0.25]	0.868784460518994	(0.2,0.25]	1.27867575002657
Drosophila_pseudoobscura	0.275	(0.25,0.3]	0.816935606252213	(0.25,0.3]	1.19012479780866
Drosophila_pseudoobscura	0.325	(0.3,0.35]	0.682887348879559	(0.3,0.35]	1.0460819155342
Drosophila_pseudoobscura	0.375	(0.35,0.4]	0.684151955081188	(0.35,0.4]	1.07914093769555
Drosophila_pseudoobscura	0.425	(0.4,0.45]	0.629773888411149	(0.4,0.45]	0.970518436308252
Drosophila_pseudoobscura	0.475	(0.45,0.5]	0.605746370580201	(0.45,0.5]	1.03545580126805
Drosophila_pseudoobscura	0.525	(0.5,0.55]	0.504577874449896	(0.5,0.55]	0.920929903066224
Drosophila_pseudoobscura	0.575	(0.55,0.6]	0.542516060498761	(0.55,0.6]	1.09567044877623
Drosophila_pseudoobscura	0.625	(0.6,0.65]	0.547574485305276	(0.6,0.65]	1.11928403603433
Drosophila_pseudoobscura	0.675	(0.65,0.7]	0.543780666700389	(0.65,0.7]	1.32236088645407
Drosophila_pseudoobscura	0.725	(0.7,0.75]	0.584248065152511	(0.7,0.75]	1.63642159698691
Drosophila_pseudoobscura	0.775	(0.75,0.8]	0.572866609337852	(0.75,0.8]	2.04729801527799
Drosophila_pseudoobscura	0.825	(0.8,0.85]	0.690474986089332	(0.8,0.85]	2.82064299798104
Drosophila_pseudoobscura	0.875	(0.85,0.9]	0.889018159745055	(0.85,0.9]	4.29058880479828
Drosophila_pseudoobscura	0.925	(0.9,0.95]	1.44923870706662	(0.9,0.95]	8.10418314698277
Drosophila_pseudoobscura	0.975	(0.95,1]	42.916940664677	(0.95,1]	23.2499380143334
Drosophila_suzukii	0.025	[0,0.05]	27.8296318158341	[0,0.05]	17.4870905732916
Drosophila_suzukii	0.075	(0.05,0.1]	2.9163284881576	(0.05,0.1]	4.79439146658626
Drosophila_suzukii	0.125	(0.1,0.15]	1.43510661846086	(0.1,0.15]	1.93735630017715
Drosophila_suzukii	0.175	(0.15,0.2]	1.05696155832657	(0.15,0.2]	1.54347744148355
Drosophila_suzukii	0.225	(0.2,0.25]	0.854054452888659	(0.2,0.25]	1.08740718404885
Drosophila_suzukii	0.275	(0.25,0.3]	0.713864089131558	(0.25,0.3]	1.03275413667031
Drosophila_suzukii	0.325	(0.3,0.35]	0.566295285176714	(0.3,0.35]	0.810372771474878
Drosophila_suzukii	0.375	(0.35,0.4]	0.603187486165425	(0.35,0.4]	0.919678866231955
Drosophila_suzukii	0.425	(0.4,0.45]	0.518335423891389	(0.4,0.45]	0.774565602502733
Drosophila_suzukii	0.475	(0.45,0.5]	0.573673725374456	(0.45,0.5]	0.934755568957069
Drosophila_suzukii	0.525	(0.5,0.55]	0.529403084188003	(0.5,0.55]	0.816026534996796
Drosophila_suzukii	0.575	(0.55,0.6]	0.529403084188003	(0.55,0.6]	1.01390825826392
Drosophila_suzukii	0.625	(0.6,0.65]	0.498044713347598	(0.6,0.65]	1.008254494742
Drosophila_suzukii	0.675	(0.65,0.7]	0.498044713347598	(0.65,0.7]	1.06290754212054
Drosophila_suzukii	0.725	(0.7,0.75]	0.584741385671069	(0.7,0.75]	1.34371113037579
Drosophila_suzukii	0.775	(0.75,0.8]	0.614255146462038	(0.75,0.8]	1.54913120500547
Drosophila_suzukii	0.825	(0.8,0.85]	0.809783811702206	(0.8,0.85]	1.97881723267121
Drosophila_suzukii	0.875	(0.85,0.9]	0.933372685014388	(0.85,0.9]	3.09449323432965
Drosophila_suzukii	0.925	(0.9,0.95]	1.66752748468974	(0.9,0.95]	6.46790546907391
Drosophila_suzukii	0.975	(0.95,1]	56.267984947982	(0.95,1]	50.3429949869963
Drosophila_melanogaster	0.025	[0,0.05]	50.026412027631	[0,0.05]	44.6783806796192
Drosophila_melanogaster	0.075	(0.05,0.1]	2.78951645672491	(0.05,0.1]	5.28485176871275
Drosophila_melanogaster	0.125	(0.1,0.15]	1.35209264526615	(0.1,0.15]	2.33667466522177
Drosophila_melanogaster	0.175	(0.15,0.2]	1.13876472978464	(0.15,0.2]	1.5297236628222
Drosophila_melanogaster	0.225	(0.2,0.25]	0.816741162129216	(0.2,0.25]	1.13495626596486
Drosophila_melanogaster	0.275	(0.25,0.3]	0.708045509955303	(0.25,0.3]	0.903707717315582
Drosophila_melanogaster	0.325	(0.3,0.35]	0.574969524583503	(0.3,0.35]	0.815659106742008
Drosophila_melanogaster	0.375	(0.35,0.4]	0.570906135717188	(0.35,0.4]	0.76534561498568
Drosophila_melanogaster	0.425	(0.4,0.45]	0.46627387240959	(0.4,0.45]	0.716967257527672
Drosophila_melanogaster	0.475	(0.45,0.5]	0.510971149939049	(0.45,0.5]	0.761475346389039
Drosophila_melanogaster	0.525	(0.5,0.55]	0.440877691995124	(0.5,0.55]	0.671491601517145
Drosophila_melanogaster	0.575	(0.55,0.6]	0.453067858594067	(0.55,0.6]	0.714064556080192
Drosophila_melanogaster	0.625	(0.6,0.65]	0.458147094676961	(0.6,0.65]	0.835010449725211
Drosophila_melanogaster	0.675	(0.65,0.7]	0.413449817147501	(0.65,0.7]	0.924994194597105
Drosophila_melanogaster	0.725	(0.7,0.75]	0.488622511174319	(0.7,0.75]	1.11850762442914
Drosophila_melanogaster	0.775	(0.75,0.8]	0.520113774888257	(0.75,0.8]	1.32846969579689
Drosophila_melanogaster	0.825	(0.8,0.85]	0.574969524583503	(0.8,0.85]	1.7629073457698
Drosophila_melanogaster	0.875	(0.85,0.9]	0.68772856562373	(0.85,0.9]	2.79626906107284
Drosophila_melanogaster	0.925	(0.9,0.95]	1.1834620073141	(0.9,0.95]	5.60027865933896
Drosophila_melanogaster	0.975	(0.95,1]	35.8248679398618	(0.95,1]	25.320264726372
Athalia_rosae	0.025	[0,0.05]	27.1810089020772	[0,0.05]	14.6173977488536
Athalia_rosae	0.075	(0.05,0.1]	3.68062424442246	(0.05,0.1]	5.2584649590069
Athalia_rosae	0.125	(0.1,0.15]	1.60786899659303	(0.1,0.15]	1.96975311501227
Athalia_rosae	0.175	(0.15,0.2]	1.29135069787889	(0.15,0.2]	1.6096160081523
Athalia_rosae	0.225	(0.2,0.25]	0.898999890097813	(0.2,0.25]	1.07693732919542
Athalia_rosae	0.275	(0.25,0.3]	0.817672271678206	(0.25,0.3]	0.969243596275881
Athalia_rosae	0.325	(0.3,0.35]	0.655017034838993	(0.3,0.35]	0.834915929408495
Athalia_rosae	0.375	(0.35,0.4]	0.642927794263106	(0.35,0.4]	0.843021909305665
Athalia_rosae	0.425	(0.4,0.45]	0.533025607209583	(0.4,0.45]	0.692482282643939
Athalia_rosae	0.475	(0.45,0.5]	0.551708979008682	(0.45,0.5]	0.808281995460651
Athalia_rosae	0.525	(0.5,0.55]	0.476975491812287	(0.5,0.55]	0.667006345824262
Athalia_rosae	0.575	(0.55,0.6]	0.575887460160457	(0.55,0.6]	0.829125943767659
Athalia_rosae	0.625	(0.6,0.65]	0.523134410374766	(0.6,0.65]	0.849969892074668
Athalia_rosae	0.675	(0.65,0.7]	0.551708979008682	(0.65,0.7]	1.09314928898976
Athalia_rosae	0.725	(0.7,0.75]	0.608858116276514	(0.7,0.75]	1.33864468016119
Athalia_rosae	0.775	(0.75,0.8]	0.714364215847895	(0.75,0.8]	1.69646579276483
Athalia_rosae	0.825	(0.8,0.85]	0.830860534124629	(0.8,0.85]	2.16892862105702
Athalia_rosae	0.875	(0.85,0.9]	1.11550719859325	(0.85,0.9]	3.87697438510353
Athalia_rosae	0.925	(0.9,0.95]	2.25629190020881	(0.9,0.95]	7.74584279030988
Athalia_rosae	0.975	(0.95,1]	54.4862072755248	(0.95,1]	51.0537773866321
Cephus_cinctus	0.025	[0,0.05]	54.9389802658426	[0,0.05]	40.4450381147035
Cephus_cinctus	0.075	(0.05,0.1]	3.84726295343131	(0.05,0.1]	8.049954133608
Cephus_cinctus	0.125	(0.1,0.15]	1.62302155141926	(0.1,0.15]	3.52715236761779
Cephus_cinctus	0.175	(0.15,0.2]	1.23889375547491	(0.15,0.2]	2.62108995713772
Cephus_cinctus	0.225	(0.2,0.25]	0.863471405330997	(0.2,0.25]	1.76008926511847
Cephus_cinctus	0.275	(0.25,0.3]	0.68446567605948	(0.25,0.3]	1.42105347860373
Cephus_cinctus	0.325	(0.3,0.35]	0.602852121680369	(0.3,0.35]	1.2107654591199
Cephus_cinctus	0.375	(0.35,0.4]	0.552795808327847	(0.35,0.4]	1.14853737172163
Cephus_cinctus	0.425	(0.4,0.45]	0.432007747846762	(0.4,0.45]	0.969899844966231
Cephus_cinctus	0.475	(0.45,0.5]	0.489681326274668	(0.45,0.5]	0.995112949343118
Cephus_cinctus	0.525	(0.5,0.55]	0.395553693557426	(0.5,0.55]	0.84061562890602
Cephus_cinctus	0.575	(0.55,0.6]	0.442889555097311	(0.55,0.6]	0.967217599819753
Cephus_cinctus	0.625	(0.6,0.65]	0.416229127333468	(0.6,0.65]	0.944150291560047
Cephus_cinctus	0.675	(0.65,0.7]	0.504371766062908	(0.65,0.7]	1.0095970731341
Cephus_cinctus	0.725	(0.7,0.75]	0.513077211863346	(0.7,0.75]	1.18018786445006
Cephus_cinctus	0.775	(0.75,0.8]	0.612645748205862	(0.75,0.8]	1.42373572375021
Cephus_cinctus	0.825	(0.8,0.85]	0.764991049713536	(0.8,0.85]	1.80890612678436
Cephus_cinctus	0.875	(0.85,0.9]	1.10613570701822	(0.85,0.9]	2.68117224841882
Cephus_cinctus	0.925	(0.9,0.95]	2.11270287769393	(0.9,0.95]	5.15795741667605
Cephus_cinctus	0.975	(0.95,1]	27.8579706517658	(0.95,1]	21.8377670845605
Orussus_abietinus	0.025	[0,0.05]	25.2578079950651	[0,0.05]	10.7743362831858
Orussus_abietinus	0.075	(0.05,0.1]	3.94925641335103	(0.05,0.1]	4.92330383480826
Orussus_abietinus	0.125	(0.1,0.15]	1.66954982499899	(0.1,0.15]	1.89675516224189
Orussus_abietinus	0.175	(0.15,0.2]	1.27261267785064	(0.15,0.2]	1.62094395280236
Orussus_abietinus	0.225	(0.2,0.25]	0.895790588834802	(0.2,0.25]	0.946902654867257
Orussus_abietinus	0.275	(0.25,0.3]	0.720119081144144	(0.25,0.3]	0.876106194690265
Orussus_abietinus	0.325	(0.3,0.35]	0.59272371297153	(0.3,0.35]	0.716814159292035
Orussus_abietinus	0.375	(0.35,0.4]	0.620884794357056	(0.35,0.4]	0.815634218289086
Orussus_abietinus	0.425	(0.4,0.45]	0.497512437810945	(0.4,0.45]	0.647492625368732
Orussus_abietinus	0.475	(0.45,0.5]	0.586018693594024	(0.45,0.5]	0.84070796460177
Orussus_abietinus	0.525	(0.5,0.55]	0.4465542905419	(0.5,0.55]	0.650442477876106
Orussus_abietinus	0.575	(0.55,0.6]	0.517627495943463	(0.55,0.6]	0.849557522123894
Orussus_abietinus	0.625	(0.6,0.65]	0.51360448431696	(0.6,0.65]	0.855457227138643
Orussus_abietinus	0.675	(0.65,0.7]	0.532378538573977	(0.65,0.7]	1.00442477876106
Orussus_abietinus	0.725	(0.7,0.75]	0.586018693594024	(0.7,0.75]	1.25958702064897
Orussus_abietinus	0.775	(0.75,0.8]	0.733529119899156	(0.75,0.8]	1.68141592920354
Orussus_abietinus	0.825	(0.8,0.85]	0.948089739979349	(0.8,0.85]	2.08997050147493
Orussus_abietinus	0.875	(0.85,0.9]	1.3410038755012	(0.85,0.9]	3.61356932153392
Orussus_abietinus	0.925	(0.9,0.95]	2.61898056885384	(0.9,0.95]	7.59734513274336
Orussus_abietinus	0.975	(0.95,1]	55.6999369728179	(0.95,1]	56.3392330383481
Nasonia_vitripennis	0.025	[0,0.05]	49.0519975517472	[0,0.05]	31.3392482337121
Nasonia_vitripennis	0.075	(0.05,0.1]	2.30219229913198	(0.05,0.1]	6.8410305302777
Nasonia_vitripennis	0.125	(0.1,0.15]	1.13370799020699	(0.1,0.15]	2.94274594625362
Nasonia_vitripennis	0.175	(0.15,0.2]	0.974432450478522	(0.15,0.2]	2.31591829184128
Nasonia_vitripennis	0.225	(0.2,0.25]	0.670487424883152	(0.2,0.25]	1.4301062262983
Nasonia_vitripennis	0.275	(0.25,0.3]	0.568940574226575	(0.25,0.3]	1.16685284135782
Nasonia_vitripennis	0.325	(0.3,0.35]	0.484781882929001	(0.3,0.35]	0.969768550469943
Nasonia_vitripennis	0.375	(0.35,0.4]	0.431921878477632	(0.35,0.4]	0.945577698880817
Nasonia_vitripennis	0.425	(0.4,0.45]	0.402014244380147	(0.4,0.45]	0.76983827704217
Nasonia_vitripennis	0.475	(0.45,0.5]	0.42357556198531	(0.45,0.5]	0.806124554425859
Nasonia_vitripennis	0.525	(0.5,0.55]	0.365846872913421	(0.5,0.55]	0.695131235369871
Nasonia_vitripennis	0.575	(0.55,0.6]	0.402014244380147	(0.55,0.6]	0.781933702836733
Nasonia_vitripennis	0.625	(0.6,0.65]	0.393667927887826	(0.6,0.65]	0.777664729026887
Nasonia_vitripennis	0.675	(0.65,0.7]	0.405491876251947	(0.65,0.7]	0.79972109371109
Nasonia_vitripennis	0.725	(0.7,0.75]	0.443050300467394	(0.7,0.75]	0.94273171634092
Nasonia_vitripennis	0.775	(0.75,0.8]	0.457656354328956	(0.75,0.8]	1.09214579968552
Nasonia_vitripennis	0.825	(0.8,0.85]	0.628060316047184	(0.8,0.85]	1.34116927192652
Nasonia_vitripennis	0.875	(0.85,0.9]	0.741431115067883	(0.85,0.9]	2.01068666443731
Nasonia_vitripennis	0.925	(0.9,0.95]	1.34027932339194	(0.9,0.95]	3.77448434353855
Nasonia_vitripennis	0.975	(0.95,1]	38.3784498108168	(0.95,1]	38.257120292567
Trichogramma_pretiosum	0.025	[0,0.05]	24.7796278158668	[0,0.05]	11.7659077641565
Trichogramma_pretiosum	0.075	(0.05,0.1]	3.06843948318195	(0.05,0.1]	3.63689433741973
Trichogramma_pretiosum	0.125	(0.1,0.15]	1.43828908000483	(0.1,0.15]	1.27991827203736
Trichogramma_pretiosum	0.175	(0.15,0.2]	1.08542524787678	(0.15,0.2]	1.17921774664332
Trichogramma_pretiosum	0.225	(0.2,0.25]	0.776837105711564	(0.2,0.25]	0.704903677758319
Trichogramma_pretiosum	0.275	(0.25,0.3]	0.677552225188843	(0.25,0.3]	0.722416812609457
Trichogramma_pretiosum	0.325	(0.3,0.35]	0.559483718621282	(0.3,0.35]	0.542907180385289
Trichogramma_pretiosum	0.375	(0.35,0.4]	0.570217219218333	(0.35,0.4]	0.624635143023935
Trichogramma_pretiosum	0.425	(0.4,0.45]	0.531308279554023	(0.4,0.45]	0.53415061295972
Trichogramma_pretiosum	0.475	(0.45,0.5]	0.519233091382341	(0.45,0.5]	0.649445417396381
Trichogramma_pretiosum	0.525	(0.5,0.55]	0.445440274777615	(0.5,0.55]	0.573555166374781
Trichogramma_pretiosum	0.575	(0.55,0.6]	0.487032589591188	(0.55,0.6]	0.659661412726211
Trichogramma_pretiosum	0.625	(0.6,0.65]	0.425314961158145	(0.6,0.65]	0.680093403385873
Trichogramma_pretiosum	0.675	(0.65,0.7]	0.532649967128654	(0.65,0.7]	0.913601868067717
Trichogramma_pretiosum	0.725	(0.7,0.75]	0.554116968322756	(0.7,0.75]	1.03035610040864
Trichogramma_pretiosum	0.775	(0.75,0.8]	0.591684220412435	(0.75,0.8]	1.4112667834209
Trichogramma_pretiosum	0.825	(0.8,0.85]	0.796962419331035	(0.8,0.85]	1.74547577349679
Trichogramma_pretiosum	0.875	(0.85,0.9]	1.09750043604846	(0.85,0.9]	3.16987740805604
Trichogramma_pretiosum	0.925	(0.9,0.95]	1.97496410985738	(0.9,0.95]	6.20694687682428
Trichogramma_pretiosum	0.975	(0.95,1]	59.0879207867656	(0.95,1]	61.9687682428488
Polistes_dominula	0.025	[0,0.05]	14.1912427774623	[0,0.05]	6.40683760683761
Polistes_dominula	0.075	(0.05,0.1]	3.18125647105975	(0.05,0.1]	2.95897435897436
Polistes_dominula	0.125	(0.1,0.15]	1.77682776126382	(0.1,0.15]	1.44615384615385
Polistes_dominula	0.175	(0.15,0.2]	1.37603954443739	(0.15,0.2]	1.44273504273504
Polistes_dominula	0.225	(0.2,0.25]	1.05874887278314	(0.2,0.25]	1.01709401709402
Polistes_dominula	0.275	(0.25,0.3]	0.828295648107946	(0.25,0.3]	0.953846153846154
Polistes_dominula	0.325	(0.3,0.35]	0.711399084866905	(0.3,0.35]	0.806837606837607
Polistes_dominula	0.375	(0.35,0.4]	0.739788250225443	(0.35,0.4]	0.935042735042735
Polistes_dominula	0.425	(0.4,0.45]	0.624561637887846	(0.4,0.45]	0.779487179487179
Polistes_dominula	0.475	(0.45,0.5]	0.714738986673792	(0.45,0.5]	1.06153846153846
Polistes_dominula	0.525	(0.5,0.55]	0.58281286530176	(0.5,0.55]	0.822222222222222
Polistes_dominula	0.575	(0.55,0.6]	0.641261146922281	(0.55,0.6]	1.05128205128205
Polistes_dominula	0.625	(0.6,0.65]	0.621221736080959	(0.6,0.65]	1.15384615384615
Polistes_dominula	0.675	(0.65,0.7]	0.599512374336195	(0.65,0.7]	1.27350427350427
Polistes_dominula	0.725	(0.7,0.75]	0.708059183060018	(0.7,0.75]	1.48717948717949
Polistes_dominula	0.775	(0.75,0.8]	0.930162653217995	(0.75,0.8]	1.94700854700855
Polistes_dominula	0.825	(0.8,0.85]	1.06375872549347	(0.8,0.85]	2.34871794871795
Polistes_dominula	0.875	(0.85,0.9]	1.35934003540296	(0.85,0.9]	3.94358974358974
Polistes_dominula	0.925	(0.9,0.95]	2.13586720550416	(0.9,0.95]	7.14529914529915
Polistes_dominula	0.975	(0.95,1]	66.1551050399118	(0.95,1]	61.0188034188034
Polistes_canadensis	0.025	[0,0.05]	34.9571838398654	[0,0.05]	18.4393718633641
Polistes_canadensis	0.075	(0.05,0.1]	3.22361467612864	(0.05,0.1]	5.28920650338814
Polistes_canadensis	0.125	(0.1,0.15]	1.55518647138759	(0.1,0.15]	2.06295242720692
Polistes_canadensis	0.175	(0.15,0.2]	1.22840318371045	(0.15,0.2]	1.6801961192442
Polistes_canadensis	0.225	(0.2,0.25]	0.83259636332262	(0.2,0.25]	1.10201438516154
Polistes_canadensis	0.275	(0.25,0.3]	0.676214922024978	(0.25,0.3]	0.963250768981706
Polistes_canadensis	0.325	(0.3,0.35]	0.579150579150579	(0.3,0.35]	0.799047156502232
Polistes_canadensis	0.375	(0.35,0.4]	0.570522637561744	(0.35,0.4]	0.780545341011587
Polistes_canadensis	0.425	(0.4,0.45]	0.552188261685468	(0.4,0.45]	0.596683549573302
Polistes_canadensis	0.475	(0.45,0.5]	0.524147451521753	(0.45,0.5]	0.733134438816809
Polistes_canadensis	0.525	(0.5,0.55]	0.451888440715256	(0.5,0.55]	0.610559911191286
Polistes_canadensis	0.575	(0.55,0.6]	0.478850758180367	(0.55,0.6]	0.747010800434793
Polistes_canadensis	0.625	(0.6,0.65]	0.504734582946873	(0.6,0.65]	0.753948981243785
Polistes_canadensis	0.675	(0.65,0.7]	0.515519509932918	(0.65,0.7]	0.870741691528481
Polistes_canadensis	0.725	(0.7,0.75]	0.584543042643601	(0.7,0.75]	0.985221674876847
Polistes_canadensis	0.775	(0.75,0.8]	0.703177239490089	(0.75,0.8]	1.23037073012789
Polistes_canadensis	0.825	(0.8,0.85]	0.844459783007269	(0.8,0.85]	1.51483614329656
Polistes_canadensis	0.875	(0.85,0.9]	1.12055391385	(0.85,0.9]	2.32197784407595
Polistes_canadensis	0.925	(0.9,0.95]	2.044822156554	(0.9,0.95]	4.51906843359005
Polistes_canadensis	0.975	(0.95,1]	48.0522421863204	(0.95,1]	53.9998612363838
Megachile_rotundata	0.025	[0,0.05]	62.869982547993	[0,0.05]	54.8194549902978
Megachile_rotundata	0.075	(0.05,0.1]	4.48778359511344	(0.05,0.1]	7.48966506369695
Megachile_rotundata	0.125	(0.1,0.15]	1.80366492146597	(0.1,0.15]	3.16291234286678
Megachile_rotundata	0.175	(0.15,0.2]	1.35078534031414	(0.15,0.2]	2.29013751792795
Megachile_rotundata	0.225	(0.2,0.25]	0.832460732984293	(0.2,0.25]	1.57639416181557
Megachile_rotundata	0.275	(0.25,0.3]	0.649214659685864	(0.25,0.3]	1.26929891166793
Megachile_rotundata	0.325	(0.3,0.35]	0.554973821989529	(0.3,0.35]	1.03096262549566
Megachile_rotundata	0.375	(0.35,0.4]	0.522251308900524	(0.35,0.4]	0.962625495655108
Megachile_rotundata	0.425	(0.4,0.45]	0.418848167539267	(0.4,0.45]	0.875305829747743
Megachile_rotundata	0.475	(0.45,0.5]	0.461605584642234	(0.45,0.5]	0.886273517253016
Megachile_rotundata	0.525	(0.5,0.55]	0.382198952879581	(0.5,0.55]	0.766894457099468
Megachile_rotundata	0.575	(0.55,0.6]	0.440663176265271	(0.55,0.6]	0.836075255209652
Megachile_rotundata	0.625	(0.6,0.65]	0.430191972076789	(0.6,0.65]	0.823842065299924
Megachile_rotundata	0.675	(0.65,0.7]	0.465532286212914	(0.65,0.7]	0.895975702353835
Megachile_rotundata	0.725	(0.7,0.75]	0.558464223385689	(0.7,0.75]	1.02421327933856
Megachile_rotundata	0.775	(0.75,0.8]	0.645724258289703	(0.75,0.8]	1.1781827385472
Megachile_rotundata	0.825	(0.8,0.85]	0.798429319371728	(0.8,0.85]	1.5468657723783
Megachile_rotundata	0.875	(0.85,0.9]	1.18586387434555	(0.85,0.9]	2.31418206361259
Megachile_rotundata	0.925	(0.9,0.95]	2.15706806282723	(0.9,0.95]	4.26980511262971
Megachile_rotundata	0.975	(0.95,1]	18.9842931937173	(0.95,1]	11.9809330971062
Bombus_terrestris	0.025	[0,0.05]	57.6998415915788	[0,0.05]	45.34448278011
Bombus_terrestris	0.075	(0.05,0.1]	3.38959955032448	(0.05,0.1]	6.98143458481341
Bombus_terrestris	0.125	(0.1,0.15]	1.47166533240219	(0.1,0.15]	2.8899048784495
Bombus_terrestris	0.175	(0.15,0.2]	1.10942672049146	(0.15,0.2]	2.129612318779
Bombus_terrestris	0.225	(0.2,0.25]	0.723909451702465	(0.2,0.25]	1.46619757408887
Bombus_terrestris	0.275	(0.25,0.3]	0.623413786642593	(0.25,0.3]	1.20955634493034
Bombus_terrestris	0.325	(0.3,0.35]	0.516104856154934	(0.3,0.35]	1.01353456725077
Bombus_terrestris	0.375	(0.35,0.4]	0.484877389610906	(0.35,0.4]	0.929120564724012
Bombus_terrestris	0.425	(0.4,0.45]	0.43207458254555	(0.4,0.45]	0.781254426069763
Bombus_terrestris	0.475	(0.45,0.5]	0.464437593327542	(0.45,0.5]	0.806748587906703
Bombus_terrestris	0.525	(0.5,0.55]	0.419015823808956	(0.5,0.55]	0.734798397833563
Bombus_terrestris	0.575	(0.55,0.6]	0.41504141897608	(0.55,0.6]	0.809581272555251
Bombus_terrestris	0.625	(0.6,0.65]	0.386652813026964	(0.6,0.65]	0.83620850825161
Bombus_terrestris	0.675	(0.65,0.7]	0.40538929295338	(0.65,0.7]	0.890029516574038
Bombus_terrestris	0.725	(0.7,0.75]	0.487148478086835	(0.7,0.75]	0.975010056030502
Bombus_terrestris	0.775	(0.75,0.8]	0.563229942030467	(0.75,0.8]	1.17896335072602
Bombus_terrestris	0.825	(0.8,0.85]	0.671106644637108	(0.8,0.85]	1.52908317328665
Bombus_terrestris	0.875	(0.85,0.9]	0.938527312677784	(0.85,0.9]	2.21006056279779
Bombus_terrestris	0.925	(0.9,0.95]	1.766906834273	(0.9,0.95]	4.14195149310808
Bombus_terrestris	0.975	(0.95,1]	27.0316305847485	(0.95,1]	23.1424670417141
Apis_florea	0.025	[0,0.05]	18.924476467782	[0,0.05]	16.0509860509861
Apis_florea	0.075	(0.05,0.1]	4.37085656944513	(0.05,0.1]	5.47859547859548
Apis_florea	0.125	(0.1,0.15]	1.77334715162283	(0.1,0.15]	2.31200897867565
Apis_florea	0.175	(0.15,0.2]	1.52165687871161	(0.15,0.2]	2.09395542728876
Apis_florea	0.225	(0.2,0.25]	0.968925298985014	(0.2,0.25]	1.46224146224146
Apis_florea	0.275	(0.25,0.3]	0.784681439076149	(0.25,0.3]	1.40131473464807
Apis_florea	0.325	(0.3,0.35]	0.690914474658244	(0.3,0.35]	1.27465127465127
Apis_florea	0.375	(0.35,0.4]	0.72052509500074	(0.35,0.4]	1.43819143819144
Apis_florea	0.425	(0.4,0.45]	0.539571304018819	(0.4,0.45]	1.29389129389129
Apis_florea	0.475	(0.45,0.5]	0.667883992169636	(0.45,0.5]	1.46384479717813
Apis_florea	0.525	(0.5,0.55]	0.518185855993683	(0.5,0.55]	1.31633798300465
Apis_florea	0.575	(0.55,0.6]	0.583987234532564	(0.55,0.6]	1.62417829084496
Apis_florea	0.625	(0.6,0.65]	0.570826958824787	(0.6,0.65]	1.81337181337181
Apis_florea	0.675	(0.65,0.7]	0.623468061655892	(0.65,0.7]	2.08754208754209
Apis_florea	0.725	(0.7,0.75]	0.725460198391156	(0.7,0.75]	2.58457591790925
Apis_florea	0.775	(0.75,0.8]	0.850482817615029	(0.75,0.8]	3.27561327561328
Apis_florea	0.825	(0.8,0.85]	1.00347102271793	(0.8,0.85]	4.09972743306077
Apis_florea	0.875	(0.85,0.9]	1.52330191317508	(0.85,0.9]	6.10710277376944
Apis_florea	0.925	(0.9,0.95]	3.16340127325667	(0.9,0.95]	10.1378868045535
Apis_florea	0.975	(0.95,1]	59.474575992367	(0.95,1]	32.6839826839827
Apis_mellifera	0.025	[0,0.05]	49.8683324147223	[0,0.05]	36.2607999782983
Apis_mellifera	0.075	(0.05,0.1]	3.60435761868795	(0.05,0.1]	7.10594490485168
Apis_mellifera	0.125	(0.1,0.15]	1.71201883492899	(0.1,0.15]	3.0633282243954
Apis_mellifera	0.175	(0.15,0.2]	1.28809684201931	(0.15,0.2]	2.33971272396815
Apis_mellifera	0.225	(0.2,0.25]	0.857370322738686	(0.2,0.25]	1.50962334016032
Apis_mellifera	0.275	(0.25,0.3]	0.753941521900368	(0.25,0.3]	1.32583721024862
Apis_mellifera	0.325	(0.3,0.35]	0.590632888997761	(0.3,0.35]	1.09322229305411
Apis_mellifera	0.375	(0.35,0.4]	0.594715604820326	(0.35,0.4]	1.09118776025065
Apis_mellifera	0.425	(0.4,0.45]	0.521226720014153	(0.4,0.45]	0.861963731061891
Apis_mellifera	0.475	(0.45,0.5]	0.543681657038262	(0.45,0.5]	0.911470695945854
Apis_mellifera	0.525	(0.5,0.55]	0.459985982675676	(0.5,0.55]	0.790076905339971
Apis_mellifera	0.575	(0.55,0.6]	0.456583719490205	(0.55,0.6]	0.868067329472242
Apis_mellifera	0.625	(0.6,0.65]	0.467470961683712	(0.6,0.65]	0.885021769500997
Apis_mellifera	0.675	(0.65,0.7]	0.499452235627139	(0.65,0.7]	0.960977660829818
Apis_mellifera	0.725	(0.7,0.75]	0.567497499336559	(0.7,0.75]	1.14137290273577
Apis_mellifera	0.775	(0.75,0.8]	0.649832268424956	(0.75,0.8]	1.45740366487176
Apis_mellifera	0.825	(0.8,0.85]	0.781159627384136	(0.8,0.85]	1.63915526198001
Apis_mellifera	0.875	(0.85,0.9]	1.16901763052783	(0.85,0.9]	2.51536072266605
Apis_mellifera	0.925	(0.9,0.95]	1.94065092099264	(0.9,0.95]	4.80353194894679
Apis_mellifera	0.975	(0.95,1]	32.6739747279891	(0.95,1]	29.3759409714216
Apis_cerana	0.025	[0,0.05]	37.2720431805725	[0,0.05]	24.9350094700486
Apis_cerana	0.075	(0.05,0.1]	3.93716149051012	(0.05,0.1]	6.23723400304527
Apis_cerana	0.125	(0.1,0.15]	1.88775652400108	(0.1,0.15]	2.93014446466372
Apis_cerana	0.175	(0.15,0.2]	1.34892838230786	(0.15,0.2]	2.22638986890482
Apis_cerana	0.225	(0.2,0.25]	0.924368967215095	(0.2,0.25]	1.55884428269024
Apis_cerana	0.275	(0.25,0.3]	0.777584749305562	(0.25,0.3]	1.31652244958592
Apis_cerana	0.325	(0.3,0.35]	0.662387008667701	(0.3,0.35]	1.15404612470754
Apis_cerana	0.375	(0.35,0.4]	0.656812924443288	(0.35,0.4]	1.14383332714376
Apis_cerana	0.425	(0.4,0.45]	0.540686169768025	(0.4,0.45]	0.912652727745386
Apis_cerana	0.475	(0.45,0.5]	0.610362222573183	(0.45,0.5]	1.10019682846214
Apis_cerana	0.525	(0.5,0.55]	0.486803355598703	(0.5,0.55]	0.890370260333494
Apis_cerana	0.575	(0.55,0.6]	0.545331239955036	(0.55,0.6]	1.024993500947
Apis_cerana	0.625	(0.6,0.65]	0.509099692496354	(0.6,0.65]	0.974857949270249
Apis_cerana	0.675	(0.65,0.7]	0.590852927787739	(0.65,0.7]	1.10948118988376
Apis_cerana	0.725	(0.7,0.75]	0.648451798106669	(0.7,0.75]	1.35180302298808
Apis_cerana	0.775	(0.75,0.8]	0.761791510669726	(0.75,0.8]	1.61547888736213
Apis_cerana	0.825	(0.8,0.85]	0.968032626972994	(0.8,0.85]	2.11869127641401
Apis_cerana	0.875	(0.85,0.9]	1.43625570182365	(0.85,0.9]	3.34608385635236
Apis_cerana	0.925	(0.9,0.95]	2.49440269042465	(0.9,0.95]	6.29108329929067
Apis_cerana	0.975	(0.95,1]	42.9408868368001	(0.95,1]	37.7622832101608
Harpegnathos_saltator	0.025	[0,0.05]	45.5940118715084	[0,0.05]	32.4962643803224
Harpegnathos_saltator	0.075	(0.05,0.1]	3.22465665735568	(0.05,0.1]	7.23694709201956
Harpegnathos_saltator	0.125	(0.1,0.15]	1.45556913407821	(0.1,0.15]	2.86373329851591
Harpegnathos_saltator	0.175	(0.15,0.2]	1.10567970204842	(0.15,0.2]	2.29287258272766
Harpegnathos_saltator	0.225	(0.2,0.25]	0.731057960893855	(0.2,0.25]	1.47683915799858
Harpegnathos_saltator	0.275	(0.25,0.3]	0.653223929236499	(0.25,0.3]	1.26793460126793
Harpegnathos_saltator	0.325	(0.3,0.35]	0.589210893854749	(0.3,0.35]	1.04814959887424
Harpegnathos_saltator	0.375	(0.35,0.4]	0.532472067039106	(0.35,0.4]	1.05177641409525
Harpegnathos_saltator	0.425	(0.4,0.45]	0.460457402234637	(0.4,0.45]	0.857379118248684
Harpegnathos_saltator	0.475	(0.45,0.5]	0.477188081936685	(0.45,0.5]	0.961106033569802
Harpegnathos_saltator	0.525	(0.5,0.55]	0.376076582867784	(0.5,0.55]	0.861005933469702
Harpegnathos_saltator	0.575	(0.55,0.6]	0.42699604283054	(0.55,0.6]	0.969810390100245
Harpegnathos_saltator	0.625	(0.6,0.65]	0.480097765363128	(0.6,0.65]	0.990120555337947
Harpegnathos_saltator	0.675	(0.65,0.7]	0.483734869646183	(0.65,0.7]	1.07788948368659
Harpegnathos_saltator	0.725	(0.7,0.75]	0.559386638733706	(0.7,0.75]	1.28461795128462
Harpegnathos_saltator	0.775	(0.75,0.8]	0.626309357541899	(0.75,0.8]	1.560255908082
Harpegnathos_saltator	0.825	(0.8,0.85]	0.736877327746741	(0.8,0.85]	2.00780490635563
Harpegnathos_saltator	0.875	(0.85,0.9]	1.08167481378026	(0.85,0.9]	3.09512410961686
Harpegnathos_saltator	0.925	(0.9,0.95]	1.93348463687151	(0.9,0.95]	6.02051326689008
Harpegnathos_saltator	0.975	(0.95,1]	38.471834264432	(0.95,1]	30.5798552175364
Linepithema_humile	0.025	[0,0.05]	43.6330135935535	[0,0.05]	25.2989514484229
Linepithema_humile	0.075	(0.05,0.1]	3.09986793929952	(0.05,0.1]	6.73222582365038
Linepithema_humile	0.125	(0.1,0.15]	1.42182718236238	(0.1,0.15]	2.5456361128272
Linepithema_humile	0.175	(0.15,0.2]	1.0525316906142	(0.15,0.2]	2.08779397950289
Linepithema_humile	0.225	(0.2,0.25]	0.700633416892699	(0.2,0.25]	1.3295193927033
Linepithema_humile	0.275	(0.25,0.3]	0.622345935772634	(0.25,0.3]	1.15179878642215
Linepithema_humile	0.325	(0.3,0.35]	0.529033584538618	(0.3,0.35]	0.940226636087439
Linepithema_humile	0.375	(0.35,0.4]	0.487122104747068	(0.35,0.4]	0.964769005526265
Linepithema_humile	0.425	(0.4,0.45]	0.442047494405213	(0.4,0.45]	0.732039640158087
Linepithema_humile	0.475	(0.45,0.5]	0.439675146492484	(0.45,0.5]	0.834440560920085
Linepithema_humile	0.525	(0.5,0.55]	0.371667839660912	(0.5,0.55]	0.712575002327294
Linepithema_humile	0.575	(0.55,0.6]	0.379575666036677	(0.55,0.6]	0.82343880910268
Linepithema_humile	0.625	(0.6,0.65]	0.38985584032517	(0.6,0.65]	0.808205614278581
Linepithema_humile	0.675	(0.65,0.7]	0.438884363854907	(0.65,0.7]	0.945304367695472
Linepithema_humile	0.725	(0.7,0.75]	0.517962627612548	(0.7,0.75]	1.07817167810567
Linepithema_humile	0.775	(0.75,0.8]	0.567781933779862	(0.75,0.8]	1.29059011704171
Linepithema_humile	0.825	(0.8,0.85]	0.710913591181192	(0.8,0.85]	1.55886360366612
Linepithema_humile	0.875	(0.85,0.9]	1.01773725456084	(0.85,0.9]	2.49316621954419
Linepithema_humile	0.925	(0.9,0.95]	1.90578615655915	(0.9,0.95]	4.74852534211217
Linepithema_humile	0.975	(0.95,1]	41.2717366377504	(0.95,1]	42.9237578599054
Camponotus_floridanus	0.025	[0,0.05]	24.3915537129723	[0,0.05]	11.6024457775727
Camponotus_floridanus	0.075	(0.05,0.1]	3.36068567009645	(0.05,0.1]	4.52353484079372
Camponotus_floridanus	0.125	(0.1,0.15]	1.5874379739222	(0.1,0.15]	1.52168897092755
Camponotus_floridanus	0.175	(0.15,0.2]	1.16641247610251	(0.15,0.2]	1.34402399630826
Camponotus_floridanus	0.225	(0.2,0.25]	0.885012781131184	(0.2,0.25]	0.956391324411629
Camponotus_floridanus	0.275	(0.25,0.3]	0.844199084913969	(0.25,0.3]	0.836409783110291
Camponotus_floridanus	0.325	(0.3,0.35]	0.635834425278715	(0.3,0.35]	0.709506229810798
Camponotus_floridanus	0.375	(0.35,0.4]	0.682018344682405	(0.35,0.4]	0.759113982464236
Camponotus_floridanus	0.425	(0.4,0.45]	0.547762765020514	(0.4,0.45]	0.631056760498385
Camponotus_floridanus	0.475	(0.45,0.5]	0.605761175434451	(0.45,0.5]	0.809875403784033
Camponotus_floridanus	0.525	(0.5,0.55]	0.520911649088136	(0.5,0.55]	0.701430549146285
Camponotus_floridanus	0.575	(0.55,0.6]	0.568169613129122	(0.55,0.6]	0.871019843101061
Camponotus_floridanus	0.625	(0.6,0.65]	0.540244452559448	(0.6,0.65]	0.867558837101984
Camponotus_floridanus	0.675	(0.65,0.7]	0.586428371963139	(0.65,0.7]	1.12482694970005
Camponotus_floridanus	0.725	(0.7,0.75]	0.674500032221339	(0.7,0.75]	1.27941855099216
Camponotus_floridanus	0.775	(0.75,0.8]	0.672351942946749	(0.75,0.8]	1.6751269035533
Camponotus_floridanus	0.825	(0.8,0.85]	0.836680772452903	(0.8,0.85]	2.16658975542224
Camponotus_floridanus	0.875	(0.85,0.9]	1.17285674392628	(0.85,0.9]	3.85440701430549
Camponotus_floridanus	0.925	(0.9,0.95]	2.21790217601444	(0.9,0.95]	7.70073834794647
Camponotus_floridanus	0.975	(0.95,1]	57.5032758361438	(0.95,1]	56.0648361790494
Pogonomyrmex_barbatus	0.025	[0,0.05]	39.6410014170997	[0,0.05]	28.1771341038853
Pogonomyrmex_barbatus	0.075	(0.05,0.1]	3.31412376003779	(0.05,0.1]	7.00273870862925
Pogonomyrmex_barbatus	0.125	(0.1,0.15]	1.47756258856873	(0.1,0.15]	2.83804484055146
Pogonomyrmex_barbatus	0.175	(0.15,0.2]	1.17146905999055	(0.15,0.2]	2.25688158566588
Pogonomyrmex_barbatus	0.225	(0.2,0.25]	0.762399622106755	(0.2,0.25]	1.49932692754027
Pogonomyrmex_barbatus	0.275	(0.25,0.3]	0.699102503542749	(0.25,0.3]	1.3145801420415
Pogonomyrmex_barbatus	0.325	(0.3,0.35]	0.588568729333963	(0.3,0.35]	1.14932924847978
Pogonomyrmex_barbatus	0.375	(0.35,0.4]	0.545111006140765	(0.35,0.4]	1.17161026783642
Pogonomyrmex_barbatus	0.425	(0.4,0.45]	0.452527161076996	(0.4,0.45]	0.957155456528803
Pogonomyrmex_barbatus	0.475	(0.45,0.5]	0.509211147850732	(0.45,0.5]	1.10940908879915
Pogonomyrmex_barbatus	0.525	(0.5,0.55]	0.461029759093056	(0.5,0.55]	0.976651348465859
Pogonomyrmex_barbatus	0.575	(0.55,0.6]	0.448748228625413	(0.55,0.6]	1.13354685976883
Pogonomyrmex_barbatus	0.625	(0.6,0.65]	0.465753424657534	(0.6,0.65]	1.16511163719073
Pogonomyrmex_barbatus	0.675	(0.65,0.7]	0.519603212092584	(0.65,0.7]	1.37399619365919
Pogonomyrmex_barbatus	0.725	(0.7,0.75]	0.589513462446859	(0.7,0.75]	1.64693868077798
Pogonomyrmex_barbatus	0.775	(0.75,0.8]	0.624468587623996	(0.75,0.8]	2.0544956598431
Pogonomyrmex_barbatus	0.825	(0.8,0.85]	0.803023145961266	(0.8,0.85]	2.82876108248619
Pogonomyrmex_barbatus	0.875	(0.85,0.9]	1.14218233349079	(0.85,0.9]	4.25196119389129
Pogonomyrmex_barbatus	0.925	(0.9,0.95]	2.21634388285309	(0.9,0.95]	8.01931021677575
Pogonomyrmex_barbatus	0.975	(0.95,1]	43.5682569674067	(0.95,1]	29.0730167571833
Acromyrmex_echinatior	0.025	[0,0.05]	36.8445807386225	[0,0.05]	23.3754740834387
Acromyrmex_echinatior	0.075	(0.05,0.1]	3.78906176509322	(0.05,0.1]	6.00408441116406
Acromyrmex_echinatior	0.125	(0.1,0.15]	1.76847967189058	(0.1,0.15]	2.66264708742585
Acromyrmex_echinatior	0.175	(0.15,0.2]	1.32824111527101	(0.15,0.2]	2.07235242633473
Acromyrmex_echinatior	0.225	(0.2,0.25]	0.926570466389479	(0.2,0.25]	1.49469999027521
Acromyrmex_echinatior	0.275	(0.25,0.3]	0.792993810321148	(0.25,0.3]	1.31090148789264
Acromyrmex_echinatior	0.325	(0.3,0.35]	0.687637574548944	(0.3,0.35]	1.10376349314402
Acromyrmex_echinatior	0.375	(0.35,0.4]	0.65471375087013	(0.35,0.4]	1.13002042205582
Acromyrmex_echinatior	0.425	(0.4,0.45]	0.568171128628676	(0.4,0.45]	0.940387046581737
Acromyrmex_echinatior	0.475	(0.45,0.5]	0.587925422835964	(0.45,0.5]	1.10084605659827
Acromyrmex_echinatior	0.525	(0.5,0.55]	0.511730288036423	(0.5,0.55]	0.90051541378975
Acromyrmex_echinatior	0.575	(0.55,0.6]	0.522077775478336	(0.55,0.6]	1.07847904308081
Acromyrmex_echinatior	0.625	(0.6,0.65]	0.522077775478336	(0.6,0.65]	1.08139647962657
Acromyrmex_echinatior	0.675	(0.65,0.7]	0.60485767501364	(0.65,0.7]	1.22726830691432
Acromyrmex_echinatior	0.725	(0.7,0.75]	0.626493330574003	(0.7,0.75]	1.41203928814548
Acromyrmex_echinatior	0.775	(0.75,0.8]	0.724324120933908	(0.75,0.8]	1.7426820966644
Acromyrmex_echinatior	0.825	(0.8,0.85]	0.922807743683329	(0.8,0.85]	2.22697656325975
Acromyrmex_echinatior	0.875	(0.85,0.9]	1.25769006453069	(0.85,0.9]	3.48925410872314
Acromyrmex_echinatior	0.925	(0.9,0.95]	2.27832859857393	(0.9,0.95]	6.38821355635515
Acromyrmex_echinatior	0.975	(0.95,1]	44.0812371832258	(0.95,1]	39.2579986385296
Solenopsis_invicta	0.025	[0,0.05]	29.5750592093277	[0,0.05]	17.1368628324289
Solenopsis_invicta	0.075	(0.05,0.1]	3.54345053743851	(0.05,0.1]	6.27175658411374
Solenopsis_invicta	0.125	(0.1,0.15]	1.55766077609765	(0.1,0.15]	2.06636270936134
Solenopsis_invicta	0.175	(0.15,0.2]	1.19443432319184	(0.15,0.2]	1.86828256308677
Solenopsis_invicta	0.225	(0.2,0.25]	0.834623793040627	(0.2,0.25]	1.22598717753373
Solenopsis_invicta	0.275	(0.25,0.3]	0.732146110402623	(0.25,0.3]	1.13925385904664
Solenopsis_invicta	0.325	(0.3,0.35]	0.677491346329022	(0.3,0.35]	0.848580034927742
Solenopsis_invicta	0.375	(0.35,0.4]	0.60917289123702	(0.35,0.4]	0.986884515758506
Solenopsis_invicta	0.425	(0.4,0.45]	0.487338312989616	(0.4,0.45]	0.747781853983286
Solenopsis_invicta	0.475	(0.45,0.5]	0.571597740936418	(0.45,0.5]	1.00212145008732
Solenopsis_invicta	0.525	(0.5,0.55]	0.463426853707415	(0.5,0.55]	0.827482741241693
Solenopsis_invicta	0.575	(0.55,0.6]	0.502140644926216	(0.55,0.6]	1.02321874377337
Solenopsis_invicta	0.625	(0.6,0.65]	0.469120058298415	(0.6,0.65]	1.04431603745942
Solenopsis_invicta	0.675	(0.65,0.7]	0.557934049918018	(0.65,0.7]	1.21661060256215
Solenopsis_invicta	0.725	(0.7,0.75]	0.60917289123702	(0.7,0.75]	1.53424207972433
Solenopsis_invicta	0.775	(0.75,0.8]	0.707096010202223	(0.75,0.8]	1.93743480350215
Solenopsis_invicta	0.825	(0.8,0.85]	0.823237383858626	(0.8,0.85]	2.66294729192794
Solenopsis_invicta	0.875	(0.85,0.9]	1.17963199125524	(0.85,0.9]	4.62733974847338
Solenopsis_invicta	0.925	(0.9,0.95]	2.28069775915467	(0.9,0.95]	9.40353262462054
Solenopsis_invicta	0.975	(0.95,1]	52.6245673164511	(0.95,1]	42.4290017463871
